0.0 0.9999999999999981 -0.8708179681368436
0.06346651825433926 0.958857081450369 -0.9652178457982588
0.12693303650867852 0.8538422116944242 -1.0000000000000002
0.1903995547630178 0.755153795820922 -0.9390104032061818
0.25386607301735703 0.6881420845393059 -0.8518897228332736
0.3173325912716963 0.6040817295002233 -0.7766064896456506
0.3807991095260356 0.518524512922859 -0.701717863798001
0.4442656277803748 0.4165788815522581 -0.645486170445889
0.5077321460347141 0.3031024050773131 -0.6078202007062986
0.5711986642890533 0.18916158255894389 -0.5711794775993713
0.6346651825433925 0.0760800596656241 -0.5325801196153649
0.6981317007977318 -0.0383197356001788 -0.4970641648431936
0.7615982190520711 -0.1531020614122735 -0.46246492321343874
0.8250647373064104 -0.2693398342718945 -0.4318023255465486
0.8885312555607496 -0.37137923699260134 -0.37587794512229467
0.9519977738150889 -0.4693221776083806 -0.3134595697367205
1.0154642920694281 -0.550018742903038 -0.2366528180013002
1.0789308103237674 -0.5778750252632441 -0.13434016779408553
1.1423973285781066 -0.6294755084822374 -0.03997400386101813
1.2058638468324459 -0.6699306728521943 0.057784375180591346
1.269330365086785 -0.7215492910228545 0.1528643654051203
1.3327968833411243 -0.7654216222383241 0.2509196741675753
1.3962634015954636 -0.7991080718930054 0.35225635084677626
1.4597299198498028 -0.8478651825630618 0.4489085028606089
1.5231964381041423 -0.9017857956239888 0.5435046389953815
1.5866629563584815 -0.9568918406586261 0.6375844358001188
1.6501294746128208 -0.996599135452745 0.7366965107244707
1.71359599286716 -1.0000000000000002 0.8417778446787723
1.7770625111214993 -0.9766708977926758 0.9449955584687227
1.8405290293758385 -0.9211025328677849 1.0
1.9039955476301778 -0.8984005179206067 0.8982466848831007
1.967462065884517 -0.8945800962536921 0.7929867610543699
2.0309285841388562 -0.8592750456485949 0.6932581100681372
2.0943951023931957 -0.7688157081543977 0.6264986549304663
2.1578616206475347 -0.682338811351259 0.6883251631653721
2.221328138901874 -0.6579529847261985 0.7905374060770606
2.284794657156213 -0.5998713527169036 0.8832198280860264
2.3482611754105527 -0.5371502231726479 0.9736078488045263
2.4117276936648917 -0.5029965611981558 0.9389844176397908
2.475194211919231 -0.5490302473138108 0.8421551362046219
2.53866073017357 -0.5878862532292376 0.7426970266867147
2.6021272484279097 -0.61553539115252 0.6399055871531586
2.6655937666822487 -0.5509680445242092 0.602275789467911
2.729060284936588 -0.4583235638474557 0.6690536785761658
2.792526803190927 -0.37423279535684345 0.7448250487954168
2.8559933214452666 -0.28876663419092974 0.8198264396546541
2.9194598396996057 -0.2059504311505421 0.8970571784314216
2.982926357953945 -0.16436793375103168 0.8586377946026317
3.0463928762082846 -0.23059033557634084 0.7709467570033769
3.1098593944626236 -0.3035078249208041 0.6866403485555188
3.173325912716963 -0.3848364810348425 0.6082235980627271
3.236792430971302 -0.46077202839595977 0.5258556616671658
3.3002589492256416 -0.5278602864298256 0.43898992817491583
3.3637254674799806 -0.5920766196753069 0.3572519493789457
3.42719198573432 -0.569243029781088 0.2541844772732606
3.490658503988659 -0.5425035921187519 0.15131567627216774
3.5541250222429985 -0.4796294839875201 0.19362297412910187
3.6175915404973376 -0.4523297468965351 0.29611410325024135
3.681058058751677 -0.43281829112877684 0.3995685721027167
3.744524577006016 -0.34718627925497125 0.4518127187060372
3.8079910952603555 -0.33031772074177557 0.35602915963848775
3.8714576135146945 -0.3492429952647862 0.2520186608830139
3.934924131769034 -0.3747043153501449 0.14884186216909992
3.998390650023373 -0.40797417818317594 0.04733803151896816
4.0618571682777125 -0.42670870068697714 -0.05692080179680282
4.1253236865320515 -0.40710864080921044 -0.1591560465816108
4.188790204786391 -0.32851508533931023 -0.23867037395219562
4.25225672304073 -0.22544868643959004 -0.2941859463338258
4.3157232412950695 -0.1113683468449326 -0.32933978939408803
4.3791897595494085 0.0045004068112722865 -0.3609502669894655
4.442656277803748 0.1179377089136079 -0.39873841630005036
4.506122796058087 0.2257245385764137 -0.42342757319668695
4.569589314312426 0.16369503647484884 -0.3339660498177432
4.6330558325667655 0.11184469900672789 -0.23901260317866002
4.696522350821105 0.08788489194067924 -0.13916661878150963
4.759988869075444 0.06920168962650391 -0.03538958020318456
4.823455387329783 0.05034441913452386 0.0686456363541812
4.886921905584122 0.13652777164447424 0.11282884169437551
4.950388423838462 0.16162819329499004 0.010721783125853862
5.013854942092801 0.19301726336467856 -0.09124467923805689
5.07732146034714 0.2337826412885404 -0.19020702740042605
5.14078797860148 0.29901524034372995 -0.27921134571999706
5.204254496855819 0.36875030255070906 -0.3656520101717933
5.267721015110158 0.44472389999165607 -0.44798710588243706
5.331187533364497 0.5291472963295367 -0.5238284467092246
5.394654051618837 0.6162680547968148 -0.5276502865161224
5.458120569873176 0.5744561898910387 -0.4307498939687433
5.521587088127515 0.5289641571246524 -0.3328674040162401
5.585053606381854 0.4997766449865177 -0.2310708143703371
5.648520124636194 0.5012847719574131 -0.1255433930674617
5.711986642890533 0.5592512999157939 -0.0459963631044016
5.775453161144872 0.6027603022514353 -0.12084544625126147
5.838919679399211 0.6279424916900731 -0.2237955350497015
5.902386197653551 0.6704912531824536 -0.3226453178333907
5.96585271590789 0.7184911299614934 -0.41961713360533637
6.029319234162229 0.7732501005429148 -0.5138322364763774
6.092785752416569 0.823514610694366 -0.6099256557208333
6.156252270670908 0.8677630252242228 -0.7081676637070826
6.219718788925247 0.9063559057241378 -0.8067613830181606
6.283185307179586 1.0 -0.8708179681368464
