0.0 1.0 0.4748491646684045
0.06346651825433926 0.9184406959497297 0.5026090460441157
0.12693303650867852 0.878731319591905 0.5858657050775982
0.1903995547630178 0.8293438482809572 0.6651507764956299
0.25386607301735703 0.7677320720499764 0.7377373512267404
0.3173325912716963 0.6915694357097414 0.799091594614305
0.3807991095260356 0.6014227723203449 0.8441424357055656
0.4442656277803748 0.5019598480258228 0.8710185119672136
0.5077321460347141 0.3983482663096744 0.8813045437795032
0.5711986642890533 0.29393307883064096 0.8816554243914704
0.6346651825433925 0.1895133490724843 0.8816554243914704
0.6981317007977318 0.08509361931432724 0.8816554243914704
0.7615982190520711 -0.019324288879439166 0.8814340473534471
0.8250647373064104 -0.12318833375074041 0.8732187446407915
0.8885312555607496 -0.21263093481733647 0.8321684027542207
0.9519977738150889 -0.2400198858987557 0.7460009605930285
1.0154642920694281 -0.24356576157881868 0.656045421203486
1.0789308103237674 -0.24356576157881868 0.5659910618899895
1.1423973285781066 -0.24356576157881868 0.47593670257649334
1.2058638468324459 -0.24356576157881868 0.3858823432629969
1.269330365086785 -0.24356576157881868 0.2958279839495008
1.3327968833411243 -0.24356576157881868 0.20577362463600435
1.3962634015954636 -0.24356576157881868 0.11571926532250754
1.4597299198498028 -0.24356576157881868 0.025664906009011775
1.5231964381041423 -0.24356576157881868 -0.06438945330448469
1.5866629563584815 -0.24356576157881868 -0.15444381261798112
1.6501294746128208 -0.24356576157881868 -0.2444981719314776
1.71359599286716 -0.24356576157881868 -0.334552531244974
1.7770625111214993 -0.24356576157881868 -0.4246068905584702
1.8405290293758385 -0.24356576157881868 -0.5146612498719663
1.9039955476301778 -0.24356576157881868 -0.6047156091854627
1.967462065884517 -0.24278215360290453 -0.694759841073697
2.0309285841388562 -0.22840186059672105 -0.7837927483213901
2.0943951023931957 -0.1835701472716975 -0.8643237644865276
2.1578616206475347 -0.09740718481881726 -0.9132522295175813
2.221328138901874 0.00419044825183964 -0.9332421883136514
2.284794657156213 0.10832638560078889 -0.9392124751346081
2.3482611754105527 0.11487436815093255 -1.0
2.4117276936648917 0.0104546383927759 -1.0
2.475194211919231 -0.09396509136538114 -1.0
2.53866073017357 -0.1983848211235374 -1.0
2.6021272484279097 -0.30280455088169506 -1.0
2.6655937666822487 -0.4072242806398515 -1.0
2.729060284936588 -0.5116440103980078 -1.0
2.792526803190927 -0.6160637401561656 -1.0
2.8559933214452666 -0.7204834699143224 -1.0
2.9194598396996057 -0.8249031996724789 -1.0
2.982926357953945 -0.9293229294306365 -1.0
3.0463928762082846 -0.9999999999999998 -0.9708994309617711
3.1098593944626236 -0.9322395704707118 -0.9367134279351768
3.173325912716963 -0.828646238866647 -0.9258300997208101
3.236792430971302 -0.7298219894877389 -0.8979195648933939
3.3002589492256416 -0.6666352282655902 -0.8289301485646815
3.3637254674799806 -0.6455020634454043 -0.7409744623344179
3.42719198573432 -0.6415058216838181 -0.6510284413717521
3.490658503988659 -0.6415058216838181 -0.560974082058256
3.5541250222429985 -0.6415058216838181 -0.47091972274475924
3.6175915404973376 -0.6415058216838181 -0.3808653634312635
3.681058058751677 -0.6415058216838181 -0.29081100411776734
3.744524577006016 -0.6415058216838181 -0.20075664480427158
3.8079910952603555 -0.6415058216838181 -0.1107022854907748
3.8714576135146945 -0.6415058216838181 -0.020647926177277818
3.934924131769034 -0.6415058216838181 0.06940643313621812
3.998390650023373 -0.6415058216838181 0.15946079244971492
4.0618571682777125 -0.6415058216838181 0.24951515176321085
4.1253236865320515 -0.6415058216838181 0.33956951107670663
4.188790204786391 -0.6415058216838181 0.4296238703902036
4.25225672304073 -0.6415058216838181 0.5196782297036996
4.3157232412950695 -0.6415058216838181 0.6097325890171963
4.3791897595494085 -0.6439908162954812 0.6997371934745804
4.442656277803748 -0.6596341675364845 0.7886556286955356
4.506122796058087 -0.7032176862262269 0.8697137858262884
4.569589314312426 -0.7900847432450727 0.9175867627318665
4.6330558325667655 -0.8921558950176248 0.935647296165744
4.696522350821105 -0.9964342009103312 0.9393477612143777
4.759988869075444 -0.9694664595397714 1.0
4.823455387329783 -0.8650467297816137 1.0
4.886921905584122 -0.7606270000234561 1.0
4.950388423838462 -0.6562072702653008 1.0
5.013854942092801 -0.5517875405071432 1.0
5.07732146034714 -0.4473678107489879 1.0
5.14078797860148 -0.3429480809908303 1.0
5.204254496855819 -0.23852835123267263 1.0
5.267721015110158 -0.13410862147451597 1.0
5.331187533364497 -0.02968889171635972 1.0
5.394654051618837 0.07473083804179813 1.0
5.458120569873176 0.17915056779995397 1.0
5.521587088127515 0.28357029755811225 1.0
5.585053606381854 0.3879900273162697 1.0
5.648520124636194 0.49240975707442475 1.0
5.711986642890533 0.5968294868325822 1.0
5.775453161144872 0.7012492165907405 1.0
5.838919679399211 0.8056689463488955 1.0
5.902386197653551 0.9100886761070529 1.0
5.96585271590789 0.9343433573943474 0.9215463633333625
6.029319234162229 0.9474747742681331 0.8322069284106274
6.092785752416569 0.9606061911419193 0.7428674934878905
6.156252270670908 0.973737608015705 0.6535280585651534
6.219718788925247 0.986869024889491 0.5641886236424174
6.283185307179586 1.0 0.4748491646684045
