0.0 1.342861217622778e-06 0.9999999999999999
0.03157379551346526 -0.05764628916840948 0.9988539352332226
0.06314759102693052 -0.1151325114683422 0.9941918233587765
0.09472138654039577 -0.17226234098014495 0.9860294774323072
0.12629518205386103 -0.22884200346643555 0.9743945826818405
0.1578689775673263 -0.2846795907586893 0.9593266026044082
0.18944277308079155 -0.3395857116756815 0.9408766451128677
0.2210165685942568 -0.39337413440471897 0.9191072891869464
0.25259036410772207 -0.4458624181669155 0.8940923726164411
0.28416415962118735 -0.4968725320238808 0.865916741556562
0.3157379551346526 -0.5462314587270897 0.8346759627448214
0.3473117506481178 -0.5937717815616289 0.8004759993556506
0.3788855461615831 -0.6393322521940024 0.7634328515921052
0.4104593416750484 -0.6827583375978128 0.7236721632337976
0.4420331371885136 -0.7239027442023805 0.6813287954754804
0.47360693270197884 -0.7626259174863462 0.6365463695018515
0.5051807282154441 -0.7987965153218615 0.5894767793499646
0.5367545237289094 -0.8322918534637378 0.5402796767116533
0.5683283192423747 -0.8629983216726358 0.48912192942332783
0.5999021147558399 -0.8908117690608186 0.43617705547990815
0.6314759102693052 -0.9156378573534717 0.38162463449259443
0.6630497057827704 -0.9373923808673787 0.32564969858671355
0.6946235012962356 -0.9560015521216465 0.268442104805607
0.7261972968097009 -0.9714022521117387 0.2101958911492497
0.7577710923231662 -0.9835422443979318 0.15110861843180948
0.7893448878366315 -0.9923803522820419 0.09138070019044768
0.8209186833500968 -0.9978865984714749 0.03121472291818532
0.8524924788635619 -1.0 -0.029185316110386647
0.8840662743770272 -0.9978677517650545 -0.08958603597817173
0.9156400698904925 -0.9923539003118909 -0.14975108800662493
0.9472138654039577 -0.983477495806061 -0.2094726040274923
0.978787660917423 -0.9712692059173015 -0.2685442482740462
1.0103614564308883 -0.9557712098638004 -0.3267619302639914
1.0419352519443534 -0.937037052684455 -0.38392450992503047
1.0735090474578188 -0.9151314602426288 -0.4398344925268043
1.105082842971284 -0.8901301156005271 -0.4942987110183704
1.1366566384847494 -0.8621193975368534 -0.5471289934136336
1.1682304339982146 -0.8311960821111123 -0.5981428129190609
1.1998042295116798 -0.7974670083056912 -0.6471639185573986
1.2313780250251452 -0.7610487089008793 -0.6940229441086974
1.2629518205386103 -0.7220670078581395 -0.7385579932647401
1.2945256160520755 -0.6806565856027093 -0.7806151989751454
1.326099411565541 -0.6369605137073762 -0.8200492550527189
1.357673207079006 -0.5911297605851802 -0.8567239182012666
1.3892470025924712 -0.5433226698987567 -0.8905124787314805
1.4208207981059366 -0.49370441348850186 -0.9212981983384984
1.4523945936194018 -0.4424464207095622 -0.9489747134287209
1.4839683891328672 -0.3897257861493817 -0.9734464026023214
1.5155421846463324 -0.3357246577720383 -0.9946287170218725
1.5471159801597976 -0.27948466627604635 -1.0
1.578689775673263 -0.2482205813194373 -0.9538773216213299
1.6102635711867281 -0.2481849380543429 -0.8934269920476768
1.6418373667001935 -0.2481849380543429 -0.8329762233582303
1.6734111622136587 -0.25269754552651497 -0.7783438049439343
1.7049849577271239 -0.30969290987544135 -0.7873380408564217
1.7365587532405893 -0.3672932425969491 -0.7888370352790967
1.7681325487540545 -0.4243426666179634 -0.7806148827529046
1.7997063442675196 -0.4785700489545188 -0.7604330955364456
1.831280139780985 -0.5265636225774107 -0.7272185396210518
1.8628539352944502 -0.5647513443670338 -0.6821571270218704
1.8944277308079154 -0.5894261564410648 -0.6277934920313176
1.9260015263213808 -0.6149579426729411 -0.5737287885760659
1.957575321834846 -0.6512093895633436 -0.5268759351621752
1.9891491173483113 -0.6964040695395959 -0.48952938007352365
2.0207229128617765 -0.7349761951741693 -0.4468698514699914
2.0522967083752417 -0.6848742880474313 -0.42824259736562253
2.083870503888707 -0.629798333028363 -0.4455053727716455
2.1154442994021725 -0.5812511186777373 -0.47777683122188774
2.1470180949156377 -0.5428702989172717 -0.5226388649225
2.178591890429103 -0.5096469105848653 -0.5719127936051269
2.210165685942568 -0.46576844465227296 -0.610858679708333
2.241739481456033 -0.41362701353749887 -0.6362535147610043
2.273313276969499 -0.35693543702949493 -0.6462890160960777
2.304887072482964 -0.2997305358028185 -0.6402505886755553
2.336460867996429 -0.24608568269664716 -0.6185682090524699
2.3680346635098943 -0.23217295413676411 -0.5603382090884118
2.3996084590233595 -0.204273625192738 -0.5076464548586065
2.4311822545368247 -0.20534425941683762 -0.4780049015846581
2.4627560500502903 -0.2622846289298695 -0.4685000458240344
2.4943298455637555 -0.31847184794989586 -0.4549642450082885
2.5259036410772207 -0.373306940553621 -0.4363346540885636
2.557477436590686 -0.4258549448378428 -0.41152752147146093
2.589051232104151 -0.4747891643538987 -0.3796438051468
2.6206250276176166 -0.5185080299934431 -0.34032379132070145
2.652198823131082 -0.5555326592366695 -0.2940676379486681
2.683772618644547 -0.5850227695602794 -0.2421899721136126
2.715346414158012 -0.6070021775684403 -0.18635299676142308
2.7469202096714773 -0.622148414173039 -0.1280589655368061
2.7784940051849425 -0.6314171407102248 -0.06841700977843429
2.810067800698408 -0.6357673267303233 -0.008153787406596807
2.8416415962118733 -0.6360493753889558 0.0522820027233678
2.8732153917253385 -0.6290054974785777 0.11222082879898979
2.9047891872388036 -0.6133382594353526 0.17033662515493497
2.936362982752269 -0.5894129718246374 0.22527431475947318
2.9679367782657344 -0.557787496875842 0.2757529240042585
2.9995105737791996 -0.5425860610100048 0.3264215974794865
3.031084369292665 -0.5537734526142644 0.38565158309078057
3.06265816480613 -0.5553666826836153 0.4460083449881423
3.094231960319595 -0.5473209915165189 0.5057962393971001
3.1258057558330608 -0.5298624122153145 0.5633356041264336
3.157379551346526 -0.47913134972813043 0.5746987968251792
3.188953346859991 -0.42304697553578047 0.561009030443685
3.2205271423734563 -0.36940296003469375 0.5389197984709752
3.2521009378869215 -0.31804819445949095 0.511459434241531
3.283674733400387 -0.2686991468096634 0.4802041229114656
3.3152485289138522 -0.2152999837968858 0.4788013496952984
3.3468223244273174 -0.1586911585897578 0.49027751557922156
3.3783961199407826 -0.10153232521880207 0.49821100112758704
3.4099699154542478 -0.044025053194945346 0.5025738290583613
3.441543710967713 0.013627859208792482 0.5033506139439506
3.4731175064811786 0.07122310012142041 0.5005386164676079
3.5046913019946437 0.1285575610493349 0.49414775308358194
3.536265097508109 0.18542905313447408 0.48420056104693265
3.567838893021574 0.24163702016935504 0.47073211893634326
3.5994126885350393 0.2911621494179825 0.4980799977109056
3.630986484048505 0.3416958645686302 0.5271760444409646
3.66256027956197 0.3943132294789914 0.5518560020418368
3.6941340750754352 0.44929639825749973 0.5699058727069455
3.7257078705889004 0.5064638270663591 0.5761238614359075
3.7572816661023656 0.5354888811669045 0.5309231897597321
3.7888554616158308 0.5476276280788019 0.4718994249256472
3.8204292571292964 0.5501917067279496 0.4115794167942136
3.8520030526427615 0.5431090826999421 0.3516577765912303
3.8835768481562267 0.5366859133584799 0.2959437972999433
3.915150643669692 0.5723514388711756 0.24851657274275235
3.946724439183157 0.6007128577865284 0.19594988155649198
3.9782982346966227 0.6211088712878746 0.1394694131462349
4.009872030210087 0.6330639086841539 0.08039211385502644
4.041445825723553 0.6363453181246213 0.02009502439319582
4.073019621237019 0.6338610131036949 -0.04028664452424505
4.104593416750483 0.6268303649689395 -0.10026720976423809
4.136167212263949 0.6143397875717516 -0.1592540244153096
4.167741007777414 0.5954113116182389 -0.21631244286861726
4.199314803290879 0.5692086177658698 -0.2701006831520073
4.230888598804345 0.5353868199764669 -0.3189807784339589
4.26246239431781 0.49441431775062983 -0.36142294331635433
4.294036189831275 0.4475467879330753 -0.3965430443506456
4.32560998534474 0.3963917081755644 -0.4243524109491543
4.357183780858206 0.34242111370877687 -0.44556115888229886
4.388757576371671 0.28673777668395395 -0.46120504357841147
4.420331371885136 0.2300747050907826 -0.4723708256999166
4.451905167398602 0.18814704726891227 -0.4857629575080851
4.483478962912066 0.22220362887521955 -0.5343444617663914
4.515052758425532 0.24353699731395737 -0.590332011029303
4.546626553938998 0.250781123530452 -0.6501405821809072
4.578200349452462 0.25000583757873934 -0.7105689614422296
4.609774144965928 0.25000583757873934 -0.7710197301316759
4.641347940479393 0.25000583757873934 -0.831470498821121
4.672921735992858 0.25000583757873934 -0.8919212675105676
4.704495531506323 0.25001935388050217 -0.952371950570599
4.736069327019789 0.2789179679249564 -0.9998058191923105
4.767643122533254 0.33524502749152824 -0.9944429827107932
4.799216918046719 0.3892439361946466 -0.9732544049479052
4.830790713560185 0.4419632748150964 -0.9487796081610497
4.862364509073649 0.493221236916169 -0.921102995449913
4.893938304587115 0.542841055723344 -0.8903200116070326
4.925512100100581 0.590651613717254 -0.8565368139695482
4.957085895614045 0.636488032744766 -0.8198699063279834
4.988659691127511 0.6801922426131757 -0.780445737154531
5.020233486640976 0.7216135262066526 -0.7384002635363855
5.051807282154441 0.7606090392450662 -0.6938784823179385
5.083381077667907 0.7970443028927813 -0.6470339300687119
5.114954873181372 0.8307936675186034 -0.5980281536014448
5.146528668694837 0.8617407460075867 -0.5470301528662674
5.178102464208302 0.8897788151303835 -0.4942157981422008
5.209676259721768 0.9148111835859865 -0.43976722353583303
5.241250055235233 0.936751525448644 -0.3838721988787351
5.272823850748698 0.9555241778690394 -0.32672348218965924
5.304397646262164 0.9710644020030651 -0.2685181549346565
5.335971441775628 0.9833186062684061 -0.20945694237739718
5.367545237289094 0.9922445311589569 -0.1497435213636869
5.39911903280256 0.9978113949797811 -0.08958381792716498
5.430692828316024 1.0 -0.02918529713855147
5.46226662382949 0.9978892841939101 0.0312147229181758
5.493840419342955 0.9923830380044779 0.09138070019043804
5.52541421485642 0.9835449301203675 0.15110861843180326
5.556988010369885 0.9714049378341756 0.2101958911492408
5.588561805883351 0.956004237844083 0.26844210480560116
5.620135601396816 0.9373950665898165 0.32564969858670545
5.651709396910281 0.9156405430759098 0.38162463449258655
5.683283192423747 0.8908144547832572 0.43617705547990065
5.714856987937211 0.8630010073950743 0.48912192942332094
5.746430783450677 0.832294539186177 0.5402796767116465
5.7780045789641425 0.7987992010443017 0.589476779349957
5.809578374477607 0.7626286032087869 0.6365463695018443
5.841152169991073 0.7239054299248193 0.6813287954754761
5.872725965504538 0.6827610233202542 0.7236721632337911
5.904299761018003 0.6393349379164417 0.7634328515921011
5.935873556531469 0.5937744672840704 0.8004759993556454
5.967447352044934 0.5462341444495317 0.8346759627448164
5.999021147558399 0.4968752177463229 0.8659167415565577
6.030594943071864 0.44586510388935735 0.8940923726164376
6.06216873858533 0.39337682012716124 0.9191072891869431
6.093742534098795 0.339588397398124 0.940876645112865
6.12531632961226 0.2846822764811317 0.9593266026044058
6.1568901251257255 0.2288446891888795 0.9743945826818384
6.18846392063919 0.1722650267025887 0.9860294774323055
6.220037716152656 0.11513519719078605 0.9941918233587755
6.2516115116661215 0.05764897489085041 0.9988539352332223
6.283185307179586 1.342861226100997e-06 1.0
