0.0 -0.6645297348543222 -0.8253034474097912
0.06346651825433926 -0.6538537908533663 -0.7567527525291029
0.12693303650867852 -0.6434463620415696 -0.6881600904635796
0.1903995547630178 -0.6326684274251725 -0.6196255052629362
0.25386607301735703 -0.6209983666667828 -0.5512392228217371
0.3173325912716963 -0.6080724276196267 -0.48308173875133337
0.3807991095260356 -0.5998679820516165 -0.41423756960061103
0.4442656277803748 -0.6023890765941448 -0.3449938361965626
0.5077321460347141 -0.6188851654818089 -0.27776978992618256
0.5711986642890533 -0.6503245827560774 -0.21617174853350593
0.6346651825433925 -0.694225468029736 -0.1627681231433139
0.6981317007977318 -0.7444037228861436 -0.11511904216176429
0.7615982190520711 -0.7932822699107172 -0.0661222191246454
0.8250647373064104 -0.841078533803851 -0.01605617516860577
0.8885312555607496 -0.888424568781393 0.03444108143882092
0.9519977738150889 -0.9359684174465948 0.08474983710282809
1.0154642920694281 -0.9798061163001269 0.13809859579207795
1.0789308103237674 -1.0 0.20370123023071232
1.1423973285781066 -0.986455677268329 0.27113359921994135
1.2058638468324459 -0.944730178805737 0.3254696852385496
1.269330365086785 -0.8822845025705247 0.3538077835692977
1.3327968833411243 -0.8141925761452511 0.3651665306520163
1.3962634015954636 -0.7460048011507849 0.3760117332894619
1.4597299198498028 -0.6778291427202392 0.38693365540080654
1.5231964381041423 -0.6096541918971411 0.3978600408527129
1.5866629563584815 -0.5414684404871458 0.40871809443940194
1.6501294746128208 -0.4736734172076569 0.4215670736216785
1.71359599286716 -0.40988421089259797 0.44765067142029324
1.7770625111214993 -0.3548659669621468 0.48922051747497375
1.8405290293758385 -0.31218122420714506 0.5435383636297064
1.9039955476301778 -0.2808689627164486 0.6053283504534487
1.967462065884517 -0.2516982742536258 0.6682153938829096
2.0309285841388562 -0.2229595303378428 0.7313030995985947
2.0943951023931957 -0.1945304248440855 0.7945324228288427
2.1578616206475347 -0.16628876596679495 0.8578465799095456
2.221328138901874 -0.13669728882977009 0.9204963033659325
2.284794657156213 -0.09251236533020889 0.973222486735791
2.3482611754105527 -0.029591596353337333 1.0
2.4117276936648917 0.038905413360578504 0.997683817504161
2.475194211919231 0.09743388981582729 0.9625480748420946
2.53866073017357 0.13575584821541667 0.905179631650565
2.6021272484279097 0.16542437686232736 0.8425281948559101
2.6655937666822487 0.19524896167808453 0.7799515669175395
2.729060284936588 0.22521076686503064 0.7174411803274842
2.792526803190927 0.2552667384316992 0.6549764681036463
2.8559933214452666 0.285373687663798 0.5925365558086583
2.9194598396996057 0.31900055068447686 0.5320345923660481
2.982926357953945 0.3644228893756709 0.4800064442035618
3.0463928762082846 0.42149121096548453 0.4413272503015511
3.1098593944626236 0.48647652536078523 0.4184002819527149
3.173325912716963 0.5546280374523426 0.40745465889459054
3.236792430971302 0.6228548769684751 0.39686274004864036
3.3002589492256416 0.6909944412473803 0.38571611998563826
3.3637254674799806 0.7591059500801691 0.37439711962205524
3.42719198573432 0.8272513558328426 0.3632867348443701
3.490658503988659 0.8949148772745977 0.34997033785479226
3.5541250222429985 0.9539570639775832 0.31517202042459636
3.6175915404973376 0.9916352973519126 0.25764463979809793
3.681058058751677 1.0 0.1896463942476466
3.744524577006016 0.9725225892459741 0.12666388285197538
3.8079910952603555 0.9268886778594048 0.07468166736664324
3.8714576135146945 0.8797210213771005 0.024016053160196556
3.934924131769034 0.8324571740403706 -0.026558804277297298
3.998390650023373 0.7846847099709275 -0.07664793827687603
4.0618571682777125 0.7360025722129624 -0.1258431268096654
4.1253236865320515 0.6860858133031127 -0.17377127733217634
4.188790204786391 0.6422401503975205 -0.22716194498112094
4.25225672304073 0.6130114794598047 -0.28980229482728537
4.3157232412950695 0.6001392151802325 -0.3578140373552788
4.3791897595494085 0.6009197173734828 -0.42711500435414657
4.442656277803748 0.6106347046446869 -0.4957892261366315
4.506122796058087 0.6227932493963563 -0.5640895375366572
4.569589314312426 0.6357819286277362 -0.6322358681899395
4.6330558325667655 0.6490710494213525 -0.700323862026003
4.696522350821105 0.6621366360904051 -0.76845539188903
4.759988869075444 0.6720610056248197 -0.8370465505627411
4.823455387329783 0.6628473513359701 -0.9053847655726096
4.886921905584122 0.6246256026884189 -0.9622623508844892
4.950388423838462 0.5650130633095746 -0.9963394750614545
5.013854942092801 0.4969853705179746 -0.9974926678682093
5.07732146034714 0.4348456055118657 -0.9676565440410816
5.14078797860148 0.37394862888655284 -0.9349721398059219
5.204254496855819 0.3128725696874252 -0.9026266362655421
5.267721015110158 0.25180804920465133 -0.8702591593203289
5.331187533364497 0.1909453956757692 -0.837510310449178
5.394654051618837 0.13034249228951134 -0.8042823454402462
5.458120569873176 0.06596182914722773 -0.7796311870586552
5.521587088127515 -0.002401641669798898 -0.7715982218734116
5.585053606381854 -0.07043969939866422 -0.7821276810059856
5.648520124636194 -0.13420445404901976 -0.8083926503353679
5.711986642890533 -0.194225799479201 -0.8426705531295886
5.775453161144872 -0.25444103453534495 -0.8766068218332296
5.838919679399211 -0.31495152431578904 -0.91000845983891
5.902386197653551 -0.37572682028725585 -0.9429209402640658
5.96585271590789 -0.43673783440283376 -0.9753899619305059
6.029319234162229 -0.5009163588735491 -0.9999999999999991
6.092785752416569 -0.5689940401525975 -0.9947851000130902
6.156252270670908 -0.6246814671250205 -0.9552041637129268
6.219718788925247 -0.6559640173444911 -0.8939099875068752
6.283185307179586 -0.6645297348543276 -0.8253034474097958
