0.0 0.898493462639255 0.6581193501534363
0.03157379551346526 0.9400301318119528 0.6625824408831256
0.06314759102693052 0.9793120811591243 0.6978685263402652
0.09472138654039577 1.0 0.7961335143900876
0.12629518205386103 0.9946709136605377 0.9115770203886253
0.1578689775673263 0.9628855670199792 0.9826984978028994
0.18944277308079155 0.9218470401889893 0.9993686320433106
0.2210165685942568 0.8802591912333454 1.0
0.25259036410772207 0.8386692009125772 1.0
0.28416415962118735 0.7970792105918091 1.0
0.3157379551346526 0.7554892202710413 1.0
0.3473117506481178 0.713899229950273 1.0
0.3788855461615831 0.6723092396295048 1.0
0.4104593416750484 0.6307192493087367 1.0
0.4420331371885136 0.5891292589879685 1.0
0.47360693270197884 0.5475392686672004 1.0
0.5051807282154441 0.5059492783464322 1.0
0.5367545237289094 0.4643592880256643 1.0
0.5683283192423747 0.42276929770489585 1.0
0.5999021147558399 0.381179307384128 1.0
0.6314759102693052 0.33958931706335954 1.0
0.6630497057827704 0.29799932674259166 1.0
0.6946235012962356 0.25640933642182345 1.0
0.7261972968097009 0.2148193461010553 1.0
0.7577710923231662 0.17322935578028742 1.0
0.7893448878366315 0.13163936545951896 1.0
0.8209186833500968 0.0900493751387508 1.0
0.8524924788635619 0.048459384817982905 1.0
0.8840662743770272 0.006869394497214872 1.0
0.9156400698904925 -0.03472059582355343 1.0
0.9472138654039577 -0.07631058614432173 1.0
0.978787660917423 -0.1179005764650895 1.0
1.0103614564308883 -0.15949056678585793 1.0
1.0419352519443534 -0.20108055710662623 1.0
1.0735090474578188 -0.24267054742739427 1.0
1.105082842971284 -0.28426053774816246 1.0
1.1366566384847494 -0.3258505280689309 1.0
1.1682304339982146 -0.3674405183896985 1.0
1.1998042295116798 -0.4090305087104669 1.0
1.2313780250251452 -0.4506204990312346 1.0
1.2629518205386103 -0.492210489352003 1.0
1.2945256160520755 -0.5338004796727714 1.0
1.326099411565541 -0.5753904699935398 1.0
1.357673207079006 -0.6169804603143075 1.0
1.3892470025924712 -0.6585704506350754 1.0
1.4208207981059366 -0.7001604409558435 1.0
1.4523945936194018 -0.7417504312766114 1.0
1.4839683891328672 -0.7833404215973799 1.0
1.5155421846463324 -0.8249304119181481 1.0
1.5471159801597976 -0.8665204022389165 1.0
1.578689775673263 -0.9081103769580835 0.9999676688565107
1.6102635711867281 -0.9495393130477032 0.9915862778137808
1.6418373667001935 -0.9864562942235733 0.9415720667828303
1.6734111622136587 -1.0 0.8328396882869394
1.7049849577271239 -0.9881828557617149 0.7222559613225676
1.7365587532405893 -0.952043503591959 0.6683429033389203
1.7681325487540545 -0.9106709471114202 0.6582603523749816
1.7997063442675196 -0.86908112599339 0.6581193501534363
1.831280139780985 -0.8274911356726219 0.6581193501534363
1.8628539352944502 -0.7859011453518541 0.6581193501534363
1.8944277308079154 -0.7443111550310861 0.6581193501534363
1.9260015263213808 -0.7027211647103174 0.6581193501534363
1.957575321834846 -0.6611311743895495 0.6581193501534363
1.9891491173483113 -0.6195411840687812 0.6581193501534363
2.0207229128617765 -0.5779511937480134 0.6581193501534363
2.0522967083752417 -0.5363612034272456 0.6581193501534363
2.083870503888707 -0.49477121310647687 0.6581193501534363
2.1154442994021725 -0.45318122278570894 0.6581193501534363
2.1470180949156377 -0.41159123246494067 0.6581193501534363
2.178591890429103 -0.37000124214417274 0.6581193501534363
2.210165685942568 -0.3284112518234039 0.6581193501534363
2.241739481456033 -0.28682126150263626 0.6581193501534363
2.273313276969499 -0.24523127118186785 0.6581193501534363
2.304887072482964 -0.20364128086109995 0.6581193501534363
2.336460867996429 -0.16205129054033204 0.6581193501534363
2.3680346635098943 -0.12046130021956335 0.6581193501534363
2.3996084590233595 -0.07887130989879598 0.6581193501534363
2.4311822545368247 -0.03728131957802728 0.6581193501534363
2.4627560500502903 0.004308670742740622 0.6581193501534363
2.4943298455637555 0.04589866106350879 0.6581193501534363
2.5259036410772207 0.0874886513842767 0.6581193501534363
2.557477436590686 0.1290786417050446 0.6581193501534363
2.589051232104151 0.17066863202581276 0.6581193501534363
2.6206250276176166 0.2122586223465812 0.6581193501534363
2.652198823131082 0.25384861266734965 0.6581193501534363
2.683772618644547 0.2954386029881178 0.6581193501534363
2.715346414158012 0.33702859330888624 0.6581193501534363
2.7469202096714773 0.37861858362965384 0.6581193501534363
2.7784940051849425 0.42020857395042177 0.6581193501534363
2.810067800698408 0.4617985642711902 0.6581193501534363
2.8416415962118733 0.5033885545919583 0.6581193501534363
2.8732153917253385 0.5449785449127268 0.6581193501534363
2.9047891872388036 0.5865685352334942 0.6581193501534363
2.936362982752269 0.6281585255542629 0.6581193501534363
2.9679367782657344 0.6697485158750307 0.6581193501534363
2.9995105737791996 0.711338506195799 0.6581193501534363
3.031084369292665 0.7529284965165673 0.6581193501534363
3.06265816480613 0.7945184868373347 0.6581193501534363
3.094231960319595 0.8361084771581029 0.6581193501534363
3.1258057558330608 0.8776984674788714 0.6581193501534363
3.157379551346526 0.9222946062235743 -0.9993271872791738
3.188953346859991 0.9633113217381054 -0.9823042512333867
3.2205271423734563 0.9948722086041002 -0.9104406973512389
3.2521009378869215 0.9999345030766834 -0.7948751007626584
3.283674733400387 0.9789396656606527 -0.69716213583764
3.3152485289138522 0.9395851786502565 -0.6624391363402304
3.3468223244273174 0.8980456588465383 -0.6581193501534365
3.3783961199407826 0.8564556685257702 -0.6581193501534365
3.4099699154542478 0.8148656782050017 -0.6581193501534365
3.441543710967713 0.7732756878842333 -0.6581193501534365
3.4731175064811786 0.7316856975634651 -0.6581193501534365
3.5046913019946437 0.6900957072426966 -0.6581193501534365
3.536265097508109 0.6485057169219293 -0.6581193501534365
3.567838893021574 0.6069157266011611 -0.6581193501534365
3.5994126885350393 0.5653257362803927 -0.6581193501534365
3.630986484048505 0.5237357459596242 -0.6581193501534365
3.66256027956197 0.4821457556388561 -0.6581193501534365
3.6941340750754352 0.44055576531808793 -0.6581193501534365
3.7257078705889004 0.3989657749973203 -0.6581193501534365
3.7572816661023656 0.3573757846765521 -0.6581193501534365
3.7888554616158308 0.31578579435578474 -0.6581193501534365
3.8204292571292964 0.2741958040350163 -0.6581193501534365
3.8520030526427615 0.23260581371424707 -0.6581193501534365
3.8835768481562267 0.19101582339347972 -0.6581193501534365
3.915150643669692 0.14942583307271154 -0.6581193501534365
3.946724439183157 0.10783584275194419 -0.6581193501534365
3.9782982346966227 0.06624585243117467 -0.6581193501534365
4.009872030210087 0.024655862110406376 -0.6581193501534365
4.041445825723553 -0.016934128210360985 -0.6581193501534365
4.073019621237019 -0.058524118531129286 -0.6581193501534365
4.104593416750483 -0.10011410885189664 -0.6581193501534365
4.136167212263949 -0.14170409917266588 -0.6581193501534365
4.167741007777414 -0.18329408949343431 -0.6581193501534365
4.199314803290879 -0.2248840798142017 -0.6581193501534365
4.230888598804345 -0.2664740701349699 -0.6581193501534365
4.26246239431781 -0.30806406045573925 -0.6581193501534365
4.294036189831275 -0.34965405077650646 -0.6581193501534365
4.32560998534474 -0.39124404109727406 -0.6581193501534365
4.357183780858206 -0.4328340314180423 -0.6581193501534365
4.388757576371671 -0.47442402173881043 -0.6581193501534365
4.420331371885136 -0.5160140120595789 -0.6581193501534365
4.451905167398602 -0.557604002380347 -0.6581193501534365
4.483478962912066 -0.5991939927011144 -0.6581193501534365
4.515052758425532 -0.6407839830218828 -0.6581193501534365
4.546626553938998 -0.682373973342652 -0.6581193501534365
4.578200349452462 -0.7239639636634194 -0.6581193501534365
4.609774144965928 -0.7655539539841879 -0.6581193501534365
4.641347940479393 -0.8071439443049552 -0.6581193501534365
4.672921735992858 -0.8487339346257237 -0.6581193501534365
4.704495531506323 -0.8903239249464918 -0.6581193501534365
4.736069327019789 -0.9318939737856954 -0.6606027903881675
4.767643122533254 -0.9721453028723395 -0.6873401979460757
4.799216918046719 -0.9977509724091905 -0.7755742075515596
4.830790713560185 -0.9967350143255208 -0.8922254719483713
4.862364509073649 -0.9690178201904461 -0.9753094838058056
4.893938304587115 -0.9284479789709494 -0.99843883324505
4.925512100100581 -0.8868675936065826 -1.0
4.957085895614045 -0.8452776032858144 -1.0
4.988659691127511 -0.8036876129650461 -1.0
5.020233486640976 -0.7620976226442777 -1.0
5.051807282154441 -0.7205076323235095 -1.0
5.083381077667907 -0.6789176420027421 -1.0
5.114954873181372 -0.6373276516819737 -1.0
5.146528668694837 -0.5957376613612053 -1.0
5.178102464208302 -0.554147671040437 -1.0
5.209676259721768 -0.5125576807196697 -1.0
5.241250055235233 -0.4709676903989014 -1.0
5.272823850748698 -0.42937770007813214 -1.0
5.304397646262164 -0.38778770975736476 -1.0
5.335971441775628 -0.3461977194365965 -1.0
5.367545237289094 -0.3046077291158291 -1.0
5.39911903280256 -0.26301773879506085 -1.0
5.430692828316024 -0.22142774847429159 -1.0
5.46226662382949 -0.17983775815352424 -1.0
5.493840419342955 -0.1382477678327559 -1.0
5.52541421485642 -0.09665777751198842 -1.0
5.556988010369885 -0.055067787191220255 -1.0
5.588561805883351 -0.013477796870451017 -1.0
5.620135601396816 0.028112193450316344 -1.0
5.651709396910281 0.06970218377108464 -1.0
5.683283192423747 0.111292174091852 -1.0
5.714856987937211 0.15288216441262126 -1.0
5.746430783450677 0.19447215473338889 -1.0
5.7780045789641425 0.23606214505415704 -1.0
5.809578374477607 0.2776521353749255 -1.0
5.841152169991073 0.3192421256956928 -1.0
5.872725965504538 0.3608321160164621 -1.0
5.904299761018003 0.40242210633722947 -1.0
5.935873556531469 0.4440120966579976 -1.0
5.967447352044934 0.48560208697876606 -1.0
5.999021147558399 0.5271920772995344 -1.0
6.030594943071864 0.5687820676203027 -1.0
6.06216873858533 0.61037205794107 -1.0
6.093742534098795 0.6519620482618385 -1.0
6.12531632961226 0.6935520385826066 -1.0
6.1568901251257255 0.7351420289033748 -1.0
6.18846392063919 0.7767320192241433 -1.0
6.220037716152656 0.8183220095449106 -1.0
6.2516115116661215 0.859911999865679 -1.0
6.283185307179586 0.9015019901864464 -1.0
