0.0 0.2208953568869668 1.0
0.03157379551346526 0.16634860254735842 1.0
0.06314759102693052 0.11180184820774967 1.0
0.09472138654039577 0.05725509386814131 1.0
0.12629518205386103 0.0027083395285329424 1.0
0.1578689775673263 -0.038646380847636254 0.9915472078664289
0.18944277308079155 -0.038646380847636254 0.9565963900265493
0.2210165685942568 -0.038646380847636254 0.9216455721866696
0.25259036410772207 -0.038646380847636254 0.8866947543467901
0.28416415962118735 -0.038646380847636254 0.8517439365069105
0.3157379551346526 -0.038646380847636254 0.816793118667031
0.3473117506481178 -0.038646380847636254 0.7818423008271513
0.3788855461615831 -0.038646380847636254 0.7468914829872718
0.4104593416750484 -0.038646380847636254 0.711940665147392
0.4420331371885136 -0.038646380847636254 0.6769898473075124
0.47360693270197884 -0.038646380847636254 0.6420390294676328
0.5051807282154441 -0.038646380847636254 0.6070882116277532
0.5367545237289094 -0.038646380847636254 0.5721373937878736
0.5683283192423747 -0.038646380847636254 0.5371865759479941
0.5999021147558399 -0.038646380847636254 0.5022357581081145
0.6314759102693052 -0.038646380847636254 0.46728494026823497
0.6630497057827704 -0.038646380847636254 0.4323341224283553
0.6946235012962356 -0.038646380847636254 0.39738330458847565
0.7261972968097009 -0.038646380847636254 0.3624324867485961
0.7577710923231662 -0.038646380847636254 0.3274816689087165
0.7893448878366315 -0.038646380847636254 0.2925308510688368
0.8209186833500968 -0.038646380847636254 0.2575800332289572
0.8524924788635619 -0.038646380847636254 0.22262921538907765
0.8840662743770272 -0.038646380847636254 0.18767839754919785
0.9156400698904925 -0.038646380847636254 0.15272757970931847
0.9472138654039577 -0.038646380847636254 0.11777676186943895
0.978787660917423 -0.038646380847636254 0.08282594402955928
1.0103614564308883 -0.038646380847636254 0.04787512618967964
1.0419352519443534 -0.038646380847636254 0.01292430834980011
1.0735090474578188 -0.038646380847636254 -0.022026509490079924
1.105082842971284 -0.038646380847636254 -0.05697732732995919
1.1366566384847494 -0.038646380847636254 -0.09192814516983872
1.1682304339982146 -0.038646380847636254 -0.1268789630097185
1.1998042295116798 -0.038646380847636254 -0.161829780849598
1.2313780250251452 -0.038646380847636254 -0.19678059868947756
1.2629518205386103 -0.038646380847636254 -0.23173141652935708
1.2945256160520755 -0.038646380847636254 -0.2666822343692368
1.326099411565541 -0.038646380847636254 -0.3016330522091166
1.357673207079006 -0.038646380847636254 -0.3365838700489959
1.3892470025924712 -0.038646380847636254 -0.37153468788887567
1.4208207981059366 -0.038646380847636254 -0.4064855057287552
1.4523945936194018 -0.07796847356854246 -0.40357481977278087
1.4839683891328672 -0.129619560688006 -0.3923666615319783
1.5155421846463324 -0.1824877926120214 -0.3837999015796773
1.5471159801597976 -0.23624472546062109 -0.37792709235242494
1.578689775673263 -0.29055434309514416 -0.3747681277838548
1.6102635711867281 -0.3450829997634957 -0.3743144788374525
1.6418373667001935 -0.39950638428195767 -0.3765349614354211
1.6734111622136587 -0.4535130971284207 -0.38138206275240644
1.7049849577271239 -0.5068049901076821 -0.38879798812020244
1.7365587532405893 -0.5590947609776777 -0.3987198291946384
1.7681325487540545 -0.6101014240787102 -0.41108349232082103
1.7997063442675196 -0.659544261187238 -0.42582619982005765
1.831280139780985 -0.7071357837637817 -0.44288746302261356
1.8628539352944502 -0.7525741911360279 -0.46220843051655963
1.8944277308079154 -0.795535858517721 -0.4837294620108806
1.9260015263213808 -0.8356685941023829 -0.5073857051706614
1.957575321834846 -0.8725868146170709 -0.5331004188849864
1.9891491173483113 -0.9058704160853855 -0.5607758873465852
2.0207229128617765 -0.9350698664225683 -0.5902821475556006
2.0522967083752417 -0.9597205912091986 -0.6214445698405029
2.083870503888707 -0.9793693785185794 -0.6540326430107066
2.1154442994021725 -0.9936130424242383 -0.6877538568772521
2.1470180949156377 -0.9999999999999998 -0.72241669535483
2.178591890429103 -0.9973225521814735 -0.7572909274296833
2.210165685942568 -0.9869059659710666 -0.7915719993709754
2.241739481456033 -0.9697336833188825 -0.8247219334367826
2.273313276969499 -0.9461679032193848 -0.8562144985261035
2.304887072482964 -0.9153632605519189 -0.8849956802826976
2.336460867996429 -0.8778263192131087 -0.9103292062202907
2.3680346635098943 -0.8360590219377619 -0.9327794448123722
2.3996084590233595 -0.7905945343347458 -0.9520573317440673
2.4311822545368247 -0.742087549864071 -0.968005651886057
2.4627560500502903 -0.6912305948165104 -0.9805997994964041
2.4943298455637555 -0.6386819216544987 -0.9899236191239499
2.5259036410772207 -0.585020898938664 -0.9961335991048643
2.557477436590686 -0.530731381155909 -0.9994240283681638
2.589051232104151 -0.4762047460813935 -1.0
2.6206250276176166 -0.42175307840832005 -0.9980596990887647
2.652198823131082 -0.3676255861487826 -0.9937844564052126
2.683772618644547 -0.3140244522632393 -0.9873342292551402
2.715346414158012 -0.2611185705210384 -0.9788464374324115
2.7469202096714773 -0.20905487183698712 -0.9684366671620077
2.7784940051849425 -0.15796751630902 -0.9562003013536388
2.810067800698408 -0.10798541331913225 -0.9422145382195001
2.8416415962118733 -0.05923853957397926 -0.9265405294868507
2.8732153917253385 -0.011863461208314078 -0.9092255415219777
2.9047891872388036 0.03399162076734251 -0.8903051542933657
2.936362982752269 0.0781620780298717 -0.8698055915944001
2.9679367782657344 0.12046220085162906 -0.8477463389944059
2.9995105737791996 0.16068070626552808 -0.824143262407925
3.031084369292665 0.19857662511084725 -0.7990124891686147
3.06265816480613 0.2338760600051261 -0.7723753411042722
3.094231960319595 0.26586557078701967 -0.7440816558083309
3.1258057558330608 0.29305220494056494 -0.7138036732035963
3.157379551346526 0.3143436148204597 -0.6816496255721032
3.188953346859991 0.3295125104780537 -0.6480965424175796
3.2205271423734563 0.3393724489354037 -0.6137327199960563
3.2521009378869215 0.34526560458885 -0.5789918418085386
3.283674733400387 0.34848550675788187 -0.544104177648943
3.3152485289138522 0.35003256863979915 -0.5091682179386947
3.3468223244273174 0.3506085535210981 -0.4742195901603968
3.3783961199407826 0.35068616258809276 -0.43926885794273046
3.4099699154542478 0.350578979618389 -0.40431811002270746
3.441543710967713 0.3504938123660533 -0.369367339861646
3.4731175064811786 0.35049203666854056 -0.33441652219221424
3.5046913019946437 0.35049203666854056 -0.29946570435233444
3.536265097508109 0.35049203666854056 -0.2645148865124547
3.567838893021574 0.35049203666854056 -0.2295640686725749
3.5994126885350393 0.35049203666854056 -0.19461325083269587
3.630986484048505 0.35049203666854056 -0.1596624329928161
3.66256027956197 0.35049203666854056 -0.12471161515293631
3.6941340750754352 0.35049203666854056 -0.0897607973130573
3.7257078705889004 0.35049203666854056 -0.05480997947317752
3.7572816661023656 0.35049203666854056 -0.019859161633297744
3.7888554616158308 0.35049203666854056 0.015091656206582035
3.8204292571292964 0.35049203666854056 0.050042474046461685
3.8520030526427615 0.35049203666854056 0.08499329188634058
3.8835768481562267 0.35049203666854056 0.11994410972622048
3.915150643669692 0.35049203666854056 0.15489492756610027
3.946724439183157 0.35049203666854056 0.18984574540597993
3.9782982346966227 0.35049203666854056 0.2247965632458598
4.009872030210087 0.35049203666854056 0.25974738108573947
4.041445825723553 0.35049203666854056 0.2946981989256185
4.073019621237019 0.35049203666854056 0.3296490167654983
4.104593416750483 0.35049203666854056 0.36459983460537804
4.136167212263949 0.35049203666854056 0.39955065244525784
4.167741007777414 0.35049203666854056 0.4345014702851367
4.199314803290879 0.35049203666854056 0.4694522881250174
4.230888598804345 0.35463544357980586 0.499124357270109
4.26246239431781 0.3986244858482195 0.4784578873434163
4.294036189831275 0.4426954284605998 0.4578630239162583
4.32560998534474 0.4864576979136235 0.4370002277175825
4.357183780858206 0.5295098572240137 0.4155406388142703
4.388757576371671 0.5714114180290516 0.39316741320273585
4.420331371885136 0.6116595449700181 0.36958333038427943
4.451905167398602 0.649675391217118 0.3445276956226269
4.483478962912066 0.6848092785461112 0.3178039108615435
4.515052758425532 0.716376529754096 0.28931434842599213
4.546626553938998 0.743730397037548 0.25909121979334093
4.578200349452462 0.7663603479936958 0.22730588466611795
4.609774144965928 0.7838886035753391 0.1942267460216607
4.641347940479393 0.7935809512180828 0.15986704590786174
4.672921735992858 0.7964293251550983 0.12497959549570514
4.704495531506323 0.7944519746480391 0.09006006472330155
4.736069327019789 0.7888520775581428 0.05529898311171439
4.767643122533254 0.7803655919026933 0.020777247829080754
4.799216918046719 0.7694418292957842 -0.01346282562658576
4.830790713560185 0.7563262503135686 -0.04738584853993443
4.862364509073649 0.741072549239897 -0.08093961675992874
4.893938304587115 0.7234431779542568 -0.11401060113898888
4.925512100100581 0.6973277383728235 -0.14460924172111947
4.957085895614045 0.686075858399807 -0.1776234477538463
4.988659691127511 0.7314707410872253 -0.19490415229784513
5.020233486640976 0.7841468489156435 -0.18986072310323626
5.051807282154441 0.8240063562138529 -0.1663491558123231
5.083381077667907 0.8528263605792492 -0.1367248670137039
5.114954873181372 0.8759355209882264 -0.10507571661160899
5.146528668694837 0.896759555123162 -0.07277246943180125
5.178102464208302 0.9177409321879951 -0.040512020371533064
5.209676259721768 0.9370807557122368 -0.00783347526727521
5.241250055235233 0.9546856868656373 0.025245013946630836
5.272823850748698 0.970255423511545 0.05873880322727236
5.304397646262164 0.9829556707718733 0.0927221285891393
5.335971441775628 0.9916544062199775 0.12722016328978672
5.367545237289094 0.9974134605441206 0.16197118018149648
5.39911903280256 1.0 0.19687714850655805
5.430692828316024 0.9990461256115515 0.2318158322339531
5.46226662382949 0.9941983903369837 0.2666201909224774
5.493840419342955 0.9851582753984368 0.30107817296825556
5.52541421485642 0.9717315620321598 0.33494301157309947
5.556988010369885 0.9538747625519557 0.3679567274375029
5.588561805883351 0.931721669224081 0.3998841422591209
5.620135601396816 0.905576873657772 0.4305481610771615
5.651709396910281 0.8758765861052445 0.45985463249247893
5.683283192423747 0.8431314991817078 0.48779970603742523
5.714856987937211 0.8078713284888202 0.5144609098183872
5.746430783450677 0.7706046383875432 0.5399789667278205
5.7780045789641425 0.7317977299475623 0.5645379683707467
5.809578374477607 0.6918694913871675 0.5883487828179669
5.841152169991073 0.6511968651043673 0.6116374154880666
5.872725965504538 0.6101262949414222 0.6346379749953568
5.904299761018003 0.5689881559568616 0.6575889808129941
5.935873556531469 0.5281125901688578 0.680731498818756
5.967447352044934 0.48784597831175924 0.704307549292277
5.999021147558399 0.44856737759941057 0.7285571453762362
6.030594943071864 0.41070357225999166 0.7537121392250207
6.06216873858533 0.3747398054779815 0.779984960369797
6.093742534098795 0.34122088621660224 0.8075508273072692
6.12531632961226 0.31073513441485934 0.8365239152003834
6.1568901251257255 0.2838740942876888 0.8669318786632197
6.18846392063919 0.2611677327617893 0.8986980303920855
6.220037716152656 0.24300864808609207 0.9316424057071316
6.2516115116661215 0.2295918404862647 0.9655072191854299
6.283185307179586 0.220895356886968 0.9999999999999994
