0.0 4.759315542552778e-06 1.0
0.0125915537218027 -0.0229936357317948 0.9999650217911296
0.0251831074436055 -0.0459850499916341 0.9993709745489954
0.0377746611654083 -0.0689570781682869 0.9982181787989732
0.0503662148872111 -0.0918973254260539 0.9965072565459554
0.0629577686090138 -0.1147934140770247 0.9942391309387402
0.0755493223308166 -0.137632990259589 0.9914150257719369
0.0881408760526194 -0.1604037306041302 0.9880364648256512
0.1007324297744222 -0.1830933488822388 0.984105271043312
0.113323983496225 -0.2056896026358965 0.9796235655480802
0.1259155372180277 -0.2281802997830446 0.9745937664983708
0.1385070909398305 -0.2505533051959709 0.9690185877831056
0.1510986446616333 -0.2727965472489561 0.9629010375574036
0.1636901983834361 -0.2948980243316718 0.9562444166194944
0.1762817521052389 -0.3168458113248005 0.9490523166297288
0.1888733058270416 -0.3386280660343673 0.9413286181726592
0.2014648595488444 -0.3602330355813451 0.9330774886632212
0.2140564132706472 -0.3816490627430592 0.9243033800981554
0.22664796699245 -0.4028645922429885 0.9150110266538776
0.2392395207142527 -0.4238681769855425 0.9052054421320992
0.2518310744360555 -0.4446484842324986 0.8948919172545653
0.2644226281578583 -0.4651943017176975 0.8840760168083883
0.2770141818796611 -0.4854945436967756 0.8727635766434926
0.2896057356014638 -0.5055382569286022 0.8609607005238148
0.3021972893232666 -0.5253146265852334 0.8486737568339451
0.3147888430450694 -0.5448129820871883 0.8359093751429857
0.3273803967668722 -0.564022802860886 0.8226744426274869
0.339971950488675 -0.5829337240151448 0.8089761003553918
0.3525635042104778 -0.6015355419336893 0.7948217394329833
0.3651550579322805 -0.6198182197806384 0.7802189970169203
0.3777466116540833 -0.6377718929159946 0.7651757521935224
0.3903381653758861 -0.6553868742182318 0.7497001217275122
0.4029297190976889 -0.6726536593111011 0.7338004556825155
0.4155212728194916 -0.6895629316918315 0.7174853329156832
0.4281128265412944 -0.7061055677579551 0.7007635564488711
0.4407043802630972 -0.7222726417300708 0.683644148718851
0.4532959339849 -0.7380554304678402 0.6661363467091604
0.4658874877067027 -0.7534454181766775 0.648249596966164
0.4784790414285055 -0.7684343010025423 0.6299935505020605
0.4910705951503083 -0.7830139915123864 0.6113780575875619
0.5036621488721111 -0.7971766230578256 0.5924131624370605
0.5162537025939139 -0.8109145540196816 0.5731090977891563
0.5288452563157167 -0.8242203719311203 0.5534762793854461
0.5414368100375194 -0.8370868974771236 0.5335253003506029
0.5540283637593222 -0.8495071883681897 0.5132669254767073
0.566619917481125 -0.8614745430861191 0.4927120854149899
0.5792114712029277 -0.8729825044999062 0.4718718707780551
0.5918030249247306 -0.8840248633497578 0.4507575261558154
0.6043945786465333 -0.8945956615973794 0.429380444048328
0.6169861323683361 -0.9046891956406984 0.4077521587188472
0.6295776860901389 -0.9143000193913232 0.3858843399703547
0.6421692398119416 -0.9234229472130356 0.3637887868489952
0.6547607935337444 -0.9320530567197696 0.3414774212777431
0.6673523472555472 -0.9401856914315436 0.3189622816237909
0.67994390097735 -0.9478164632869184 0.2962555162031051
0.6925354546991528 -0.9549412550106308 0.2733693767256481
0.7051270084209555 -0.9615562223351162 0.2503162116848336
0.7177185621427583 -0.9676577960747352 0.2271084596947279
0.7303101158645611 -0.9732426840515644 0.2037586427786664
0.7429016695863638 -0.9783078728717368 0.1802793596128253
0.7554932233081666 -0.9828506295513506 0.1566832787284646
0.7680847770299695 -0.986868502991086 0.1329831316764668
0.7806763307517722 -0.9903593252987244 0.1091917061578739
0.793267884473575 -0.9933212129588616 0.085321839124126
0.8058594381953778 -0.99575256784918 0.0613864098507414
0.8184509919171805 -0.9976520781027368 0.0373983329881213
0.8310425456389833 -0.9990187188157964 0.0133705515933297
0.843634099360786 -0.99985175260083 -0.0106839698535229
0.8562256530825889 -1.0 -0.034751972958101
0.8688172068043917 -0.9993959301811116 -0.0588139751293687
0.8814087605261944 -0.998253080578916 -0.0828545442741461
0.8940003142479972 -0.9965720793139916 -0.1068604674760673
0.9065918679698 -0.9943538502799868 -0.1308185508604905
0.9191834216916028 -0.9915996126358376 -0.1547156268459755
0.9317749754134056 -0.9883108801357084 -0.1785385613813079
0.9443665291352084 -0.9844894602970176 -0.2022742611640876
0.9569580828570112 -0.9801374534070098 -0.2259096808369353
0.969549636578814 -0.9752572513684192 -0.2494318301573319
0.9821411903006166 -0.9698515363848572 -0.2728277811371826
0.9947327440224194 -0.9639232794866508 -0.2960846751481493
1.0073242977442225 -0.9574757388979336 -0.3191897299888777
1.019915851466025 -0.9505124582458996 -0.3421302469102048
1.0325074051878278 -0.9430372646131918 -0.3648936175945126
1.0450989589096304 -0.935054266434502 -0.3874673310853738
1.057690512631433 -0.9265678512385392 -0.4098389806636845
1.070282066353236 -0.9175826832366022 -0.4319962706665148
1.0828736200750388 -0.9081037007590878 -0.4539270232449128
1.0954651737968415 -0.8981361135413375 -0.475619185056967
1.1080567275186444 -0.8876853998603221 -0.497060833892427
1.1206482812404472 -0.8767573035237275 -0.5182401852252655
1.13323983496225 -0.8653578307131081 -0.5391455986905559
1.1458313886840528 -0.8534932466828329 -0.5597655844821268
1.1584229424058554 -0.8411700723166454 -0.5800888096674621
1.1710144961276585 -0.8283950805437271 -0.6001041044163851
1.1836060498494612 -0.8151752926162308 -0.6198004681401016
1.1961976035712638 -0.8015179742503398 -0.6391670755372182
1.208789157293067 -0.787430631632961 -0.6581932825434338
1.2213807110148691 -0.7729210072962586 -0.6768686321816085
1.2339722647366722 -0.7579970758622864 -0.6951828603090171
1.2465638184584749 -0.7426670396600619 -0.7131259012586149
1.2591553721802775 -0.7269393242174934 -0.7306878933712201
1.2717469259020806 -0.7108225736306295 -0.7478591844155732
1.2843384796238833 -0.6943256458127904 -0.7646303368932877
1.296930033345686 -0.6774576076261724 -0.7809921332257896
1.3095215870674888 -0.6602277298986202 -0.7969355808203807
1.3221131407892917 -0.6426454823282953 -0.8124519170126498
1.3347046945110943 -0.624720528279043 -0.827532613882513
1.3472962482328972 -0.6064627194693202 -0.8421693829412363
1.3598878019547 -0.5878820905575984 -0.8563541796868667
1.3724793556765027 -0.5689888536272257 -0.870079208025562
1.3850709093983056 -0.5497933925737738 -0.8833369245563941
1.3976624631201082 -0.5303062573979526 -0.8961200427172735
1.410254016841911 -0.5105381584072313 -0.9084215367897104
1.4228455705637135 -0.4904999603293606 -0.9202346457602106
1.4354371242855166 -0.4702026763410146 -0.9315528770361938
1.4480286780073195 -0.4496574620148507 -0.9423700100143808
1.460620231729122 -0.4288756091883043 -0.9526800994996916
1.473211785450925 -0.4078685397574914 -0.962477478972783
1.4858033391727277 -0.3866477993996314 -0.9717567637044152
1.4983948928945303 -0.3652250512274363 -0.9805128537149512
1.5109864466163332 -0.3436120693789557 -0.988740936577352
1.523578000338136 -0.3218207325464113 -0.9964364900621268
1.536169554059939 -0.2991980785160156 -1.0
1.5487611077817416 -0.2766794971834775 -0.9958762279908926
1.5613526615035445 -0.2584217432859189 -0.9817092635925768
1.573944215225347 -0.2492009926455481 -0.9599043641169924
1.58653576894715 -0.2482011051573328 -0.93589922806778
1.5991273226689526 -0.2482011051573328 -0.9118283703015538
1.6117188763907555 -0.2482011051573328 -0.8877575125353279
1.6243104301125584 -0.2482011051573328 -0.8636866547691018
1.636901983834361 -0.2482011051573328 -0.8396157970028758
1.649493537556164 -0.2482011051573328 -0.8155449392366497
1.6620850912779666 -0.2482011051573328 -0.7914740814704236
1.6746766449997694 -0.2549795468699166 -0.776111963470607
1.687268198721572 -0.2776141806628078 -0.7803699399146454
1.699859752443375 -0.3004017523784525 -0.7836107848030546
1.7124513061651778 -0.3233099793079088 -0.785718230877325
1.7250428598869805 -0.3462918164243259 -0.786562760517282
1.7376344136087831 -0.3692809053519245 -0.7860026780695301
1.750225967330586 -0.3921863922671812 -0.7838872404214419
1.7628175210523889 -0.4148877111134568 -0.7800628199816924
1.7754090747741915 -0.4372305327259893 -0.774382984414485
1.7880006284959944 -0.4590257506121297 -0.7667227220846433
1.8005921822177973 -0.4800536806060304 -0.7569955580095249
1.8131837359396 -0.5000748864475236 -0.7451701612617633
1.8257752896614028 -0.5188466653542936 -0.7312812576235124
1.8383668433832052 -0.5361406497564055 -0.7154298279370832
1.8509583971050083 -0.5517536174085823 -0.6977703933511603
1.863549950826811 -0.5655003784563072 -0.6784866927903707
1.8761415045486136 -0.5771627027123002 -0.6577548532676777
1.8887330582704167 -0.5861109031680387 -0.6356136686889733
1.9013246119922196 -0.594059525920175 -0.6130344450874976
1.9139161657140225 -0.6038827620487861 -0.591278339794358
1.9265077194358249 -0.6155038124615723 -0.5705154443269144
1.939099273157628 -0.6288318225652343 -0.5509080851837539
1.9516908268794304 -0.6437625925762361 -0.5326095547590548
1.9642823806012333 -0.6601793921656749 -0.5157629128865256
1.976873934323036 -0.6779538730692333 -0.5004998683826216
1.9894654880448388 -0.6969375828670433 -0.4869242522571588
2.002057041766641 -0.7155163469688708 -0.4727532083406955
2.0146485954884445 -0.731397268274347 -0.4554654673124126
2.027240149210247 -0.7292418924678683 -0.4343439051758553
2.03983170293205 -0.7075824806531725 -0.426866152715541
2.0524232566538525 -0.6846964958234627 -0.4261016272827341
2.065014810375656 -0.6622097288654337 -0.4310956009303398
2.0776063640974582 -0.6403791415872491 -0.4386317665004816
2.090197917819261 -0.6194662655653214 -0.448619840335805
2.102789471541064 -0.5997216381472558 -0.4609401647898075
2.115381025262866 -0.5813818010013305 -0.4754451417316981
2.1279725789846693 -0.564666466334959 -0.4919610007797101
2.140564132706472 -0.5497758847309498 -0.5102898810793668
2.153155686428275 -0.5368884461350677 -0.5302122016868526
2.1657472401500777 -0.5244279293678632 -0.5504314084450826
2.1783387938718803 -0.5099931403434856 -0.5691562057671323
2.1909303475936834 -0.493734517399846 -0.586164986090941
2.203521901315486 -0.4758371115387992 -0.6012641603376446
2.2161134550372887 -0.4565046259212288 -0.6142818740192425
2.2287050087590914 -0.4359570973758588 -0.6250699632372896
2.2412965624808945 -0.4144283920029207 -0.633505641042066
2.253888116202697 -0.3921635433770139 -0.6394928949585592
2.2664796699245 -0.3694159636449521 -0.6429635797730295
2.279071223646303 -0.3464445592611006 -0.6438781931423649
2.291662777368105 -0.3235107841880772 -0.6422263251984662
2.304254331089908 -0.3008756641024319 -0.638026777030394
2.316845884811711 -0.2787968254749602 -0.6313273466957413
2.329437438533514 -0.2575255633398102 -0.622204285196797
2.342028992255317 -0.244303977538975 -0.6059207959523902
2.3546205459771192 -0.2397224401422295 -0.5823444394359207
2.3672120996989223 -0.2327270235995973 -0.5594264641573842
2.379803653420725 -0.2234001022292858 -0.5374367400490098
2.392395207142528 -0.2118515049148482 -0.5166342064491459
2.4049867608643303 -0.1982172218184417 -0.4972638229698125
2.4175783145861334 -0.182657803032756 -0.4795536849821465
2.430169868307936 -0.2035232391030906 -0.4759998655750645
2.4427614220297387 -0.226301183442934 -0.472674314489532
2.4553529757515418 -0.2490011803151347 -0.468809533139312
2.4679445294733444 -0.2716000690711725 -0.4643433631082906
2.480536083195147 -0.29406931753016 -0.4592112501566592
2.4931276369169497 -0.3163740457931351 -0.4533462709144777
2.505719190638753 -0.3384719656614369 -0.4466795118178365
2.5183107443605555 -0.3603122937931605 -0.4391409051919099
2.530902298082358 -0.381834744165316 -0.4306606436920073
2.543493851804161 -0.4029687679082133 -0.4211712906788916
2.556085405525964 -0.4236332800601483 -0.4106106638314145
2.5686769592477665 -0.4437371758254158 -0.3989254732261224
2.581268512969569 -0.4631809609308231 -0.3860755304199882
2.5938600666913723 -0.4818597567557472 -0.372038121190911
2.606451620413175 -0.4996677504373469 -0.3568119013100395
2.6190431741349776 -0.516503839379661 -0.3404195273992598
2.6316347278567807 -0.5322778361820997 -0.322908286367978
2.6442262815785837 -0.5469162963179257 -0.3043483009176129
2.656817835300386 -0.5603669667779716 -0.2848284101176607
2.6694093890221886 -0.5726011060155015 -0.2644503713793199
2.682000942743992 -0.583613417869448 -0.2433223829335896
2.6945924964657944 -0.5934198776312 -0.2215529560420479
2.707184050187597 -0.6020541062015304 -0.1992459070200662
2.7197756039094 -0.6095630722980634 -0.1764968426237566
2.7323671576312027 -0.6160028044652535 -0.1533911435760395
2.7449587113530054 -0.6214345779104556 -0.1300032079918474
2.757550265074808 -0.6259218098333286 -0.1063966149916607
2.770141818796611 -0.6295277143035617 -0.0826248730132467
2.782733372518414 -0.6323136534309357 -0.0587324778312381
2.7953249262402164 -0.6343380672957865 -0.0347560824687213
2.8079164799620195 -0.6356558521905492 -0.0107256519570094
2.820508033683822 -0.6363180670342207 0.0133344690654271
2.833099587405625 -0.6364935538124529 0.0374042301784566
2.8456911411274275 -0.6356825046746297 0.0614563874499648
2.8582826948492306 -0.6334730150738285 0.0854121655939535
2.870874248571033 -0.6298732918887582 0.1091825838043863
2.883465802292836 -0.6248967058506278 0.1326793497720287
2.896057356014639 -0.6185617418792069 0.1558151876353922
2.9086489097364416 -0.610891930422845 0.1785041621562762
2.9212404634582443 -0.6019157600575099 0.200661997915663
2.933832017180047 -0.5916665716694559 0.2222063923444588
2.94642357090185 -0.5801824346145756 0.2430573214263274
2.9590151246236527 -0.5675060053144496 0.2631373369370784
2.9716066783454558 -0.5536843688142749 0.2823718541166427
2.9841982320672584 -0.5387688638912417 0.300689428705013
2.996789785789061 -0.5412205603973902 0.3224597542795488
3.009381339510864 -0.5471404117416735 0.3457149158422334
3.0219728932326664 -0.5515611519787874 0.3693323436668431
3.034564446954469 -0.5544629901866037 0.3932063064391905
3.047156000676272 -0.555832935315904 0.4172299243806021
3.0597475543980748 -0.5556648543491569 0.4412956477309775
3.072339108119878 -0.5539594997570227 0.4652957382312856
3.0849306618416805 -0.5507245061296664 0.4891227514498922
3.097522215563483 -0.5459743559979605 0.5126700177935005
3.110113769285286 -0.5397303149975932 0.5358321200492582
3.122705323007089 -0.5320203366663396 0.5585053653201567
3.135296876728892 -0.5193812992466472 0.5759394540462396
3.147888430450694 -0.4964323473813384 0.5769036854754357
3.1604799841724973 -0.473557516270328 0.5745255933949011
3.1730715378943 -0.4509936437926812 0.569900419681521
3.1856630916161026 -0.4288088268101197 0.563568804304261
3.1982546453379053 -0.4070197641188946 0.5558735938295019
3.2108461990597084 -0.3856221781662733 0.5470546076202089
3.223437752781511 -0.3646026184274065 0.5372891443494228
3.2360293065033137 -0.3439437930057624 0.5267131972388623
3.2486208602251168 -0.3236271574116597 0.5154339287821931
3.2612124139469194 -0.3036342080668817 0.5035375759057212
3.273803967668722 -0.2839471229343277 0.4910947300537653
3.2863955213905247 -0.2645490598156633 0.478164005441109
3.298987075112328 -0.2441911090027058 0.4723272867953184
3.3115786288341305 -0.2218490159945474 0.4780365497322831
3.324170182555933 -0.1993839956996687 0.4831904097007131
3.336761736277736 -0.1768086507347711 0.4877859754447421
3.349353289999539 -0.1541356456074199 0.49182066890511
3.361944843721341 -0.1313776996114074 0.495292226665424
3.374536397443144 -0.1085475796913595 0.4981987012219112
3.3871279511649472 -0.0856580932806494 0.5005384620759422
3.39971950488675 -0.0627220811165655 0.5023101966487242
3.4123110586085525 -0.0397524100368019 0.5035129110176423
3.424902612330356 -0.0167619657613164 0.5041459304738382
3.4374941660521583 0.0062363543364098 0.5042088999007143
3.450085719773961 0.029229648464651 0.5037017839731501
3.462677273495764 0.0522050176511917 0.5026248671773191
3.4752688272175667 0.0751495729795021 0.5009787536510951
3.4878603809393693 0.0980504428192711 0.4987643668451378
3.500451934661172 0.1208947800472387 0.4959829490048486
3.513043488382975 0.1436697692542902 0.4926360604734839
3.5256350421047777 0.1663626339347475 0.4887255788168214
3.5382265958265804 0.1889606436538427 0.4842536977698675
3.550818149548383 0.211451121189345 0.4792229260061968
3.563409703270186 0.2338214496433348 0.4736360857306157
3.576001256991989 0.2548881717964243 0.4751958055464264
3.5885928107137914 0.2742959987551425 0.4881105919651283
3.6011843644355945 0.2939743086647961 0.5005687838940331
3.613775918157397 0.3139397312753561 0.5125158596003081
3.6263674718792 0.3342101595948528 0.5238860771695979
3.6389590256010025 0.3548046118675764 0.534598997357935
3.6515505793228056 0.3757428401356302 0.5445544655872766
3.664142133044608 0.3970444336507494 0.5536250889928314
3.676733686766411 0.418726885574243 0.5616443822343672
3.689325240488214 0.4408014104598762 0.5683867578378619
3.7019167942100166 0.4632633986309609 0.5735300915844801
3.7145083479318193 0.4860677347586838 0.5765724492226149
3.727099901653622 0.509042113209661 0.5765642754629487
3.739691455375425 0.5247333594675854 0.5632949938231885
3.752283009097228 0.5327534871048015 0.5407399055655294
3.7648745628190303 0.5393145326649463 0.5176739889798078
3.7774661165408334 0.5443871234333165 0.4942005063557046
3.790057670262636 0.5479485502608765 0.4704245445885809
3.802649223984439 0.5499828692293623 0.4464525447228333
3.815240777706242 0.5504809730295597 0.4223918254329813
3.827832331428045 0.5494406317332234 0.3983501025757096
3.840423885149847 0.5468665027760954 0.3744350069638192
3.8530154388716498 0.5427701101073336 0.3507536025208958
3.865606992593453 0.5371697925987045 0.3274119069738628
3.878198546315256 0.5300906219444866 0.3045144172291523
3.890790100037058 0.5454834140357928 0.2867107851481695
3.903381653758861 0.5599177799586436 0.2679757403699993
3.915973207480664 0.5732348723297956 0.2483552041053
3.9285647612024666 0.5853852264394801 0.2279220544347211
3.941156314924269 0.596323711284407 0.2067521877919547
3.953747868646072 0.6060096972013516 0.1849242370557209
3.966339422367875 0.6144072067810684 0.162519279477563
3.9789309760896776 0.6214850485019718 0.1396205355303236
3.99152252981148 0.6272169325872284 0.1163130597958765
4.004114083533283 0.631581568654913 0.0926834250403009
4.016705637255086 0.6345627447985305 0.0688194006499156
4.029297190976889 0.6361493878041514 0.0448096266226793
4.041888744698691 0.6363918180586603 0.0207426700209683
4.054480298420494 0.6358712822309839 -0.0033212866806142
4.0670718521422975 0.6347045291209586 -0.0273602939094365
4.0796634058641 0.6328413707733201 -0.0513510360893865
4.092254959585903 0.6302277767678263 -0.0752647909139278
4.104846513307705 0.6268061171933774 -0.0990663900157818
4.117438067029508 0.6225157106113269 -0.1227130845823025
4.130029620751311 0.6172937923950552 -0.1461533787575532
4.142621174473113 0.611077031663302 -0.1693259447335118
4.1552127281949165 0.6038037178803858 -0.1921588006354337
4.16780428191672 0.5954166940280217 -0.2145690084575525
4.180395835638522 0.5858670132305437 -0.2364632147229641
4.192987389360325 0.5751181285566224 -0.2577393754060821
4.205578943082128 0.5631502037808374 -0.2782899311354169
4.21817049680393 0.5499639091661298 -0.2980064882649431
4.230762050525733 0.5355829366721975 -0.3167857181982184
4.243353604247536 0.5200545403500598 -0.3345357903307276
4.255945157969339 0.5034477314727209 -0.3511823561102342
4.268536711691142 0.4858492672172665 -0.3666730635831619
4.281128265412944 0.4673580842154755 -0.3809798673729625
4.293719819134747 0.4480791389235569 -0.3940989141797117
4.30631137285655 0.4281176191596801 -0.4060483215199522
4.318902926578352 0.4075742312694558 -0.4168645309353722
4.331494480300155 0.3865418929969149 -0.4265980226085836
4.344086034021959 0.3651038237169159 -0.4353090679037584
4.356677587743761 0.3433328054251685 -0.4430639763222212
4.369269141465564 0.3212912993672853 -0.449932064954044
4.381860695187367 0.2990321095481689 -0.4559834011090793
4.394452248909169 0.27659934047752 -0.4612872593492508
4.407043802630972 0.254029467011638 -0.46591118353619
4.419635356352775 0.2313523986951958 -0.4699205344472368
4.4322269100745775 0.208592471462847 -0.473378416715667
4.444818463796381 0.18576933515271 -0.4763459030305145
4.457410017518183 0.1949333957882504 -0.4912784947686518
4.470001571239986 0.209133179154375 -0.5102005688822167
4.482593124961789 0.2214340750457324 -0.5305270724875321
4.495184678683591 0.231710248052196 -0.5520500700049289
4.507776232405394 0.2398565752252981 -0.5745493859899644
4.520367786127197 0.245789721462461 -0.5977948574789237
4.532959339849 0.2494489920064322 -0.6215486885043975
4.545550893570803 0.2507969533390555 -0.6455678826947647
4.558142447292606 0.2500289810596074 -0.6696163642878972
4.570734001014408 0.2500289810596074 -0.6936872220541231
4.583325554736211 0.2500289810596074 -0.717758079820349
4.595917108458014 0.2500289810596074 -0.741828937586575
4.608508662179816 0.2500289810596074 -0.7658997953528011
4.62110021590162 0.2500289810596074 -0.789970653119027
4.633691769623422 0.2500289810596074 -0.8140415108852531
4.646283323345225 0.2500289810596074 -0.8381123686514792
4.658874877067028 0.2500289810596074 -0.862183226417705
4.67146643078883 0.2500289810596074 -0.8862540841839309
4.684057984510633 0.2500289810596074 -0.9103249419501582
4.696649538232436 0.2500289810596074 -0.9343957997163832
4.709241091954239 0.2506937108432224 -0.9584356647702906
4.7218326456760416 0.2584201401761286 -0.9808828201748052
4.734424199397845 0.2761203741631637 -0.9956803458616978
4.747015753119647 0.2986604156544157 -0.9996137670774852
4.75960730684145 0.3213485674449579 -0.9962531480161124
4.772198860563253 0.3431388699872507 -0.9885543839400708
4.784790414285055 0.3647509166378218 -0.980323607756012
4.797381968006858 0.3861728512039042 -0.9715653348007136
4.8099735217286606 0.4073929217866766 -0.9622843697913828
4.822565075450464 0.4283994872282374 -0.9524858041898372
4.835156629172267 0.4491810234978799 -0.9421750134093588
4.847748182894069 0.4697261300140722 -0.9313576538657884
4.860339736615872 0.4900235358987013 -0.9200396598744732
4.872931290337675 0.5100621061602214 -0.9082272403947326
4.885522844059477 0.5298308478021975 -0.8959268756236826
4.89811439778128 0.5493189158539648 -0.88314531344126
4.910705951503084 0.5685156193201204 -0.8698895657083733
4.923297505224886 0.5874104270454952 -0.856166904420263
4.935889058946689 0.6059929734924578 -0.8419848577171495
4.948480612668492 0.6242530644273824 -0.8273512057543411
4.961072166390294 0.6421806825130947 -0.8122739764341254
4.973663720112097 0.6597659928043347 -0.796761441001704
4.986255273833899 0.6769993481431013 -0.7808221095076713
4.998846827555703 0.6938712944510175 -0.7644647261394625
5.011438381277506 0.7103725759157525 -0.7476982644243709
5.024029934999308 0.7264941400686923 -0.7305319223067358
5.036621488721111 0.7422271427510507 -0.7129751171020253
5.049213042442914 0.7575629529656907 -0.6950374803305863
5.061804596164716 0.7724931576120366 -0.6767288524338523
5.074396149886519 0.7870095661014236 -0.658059277375967
5.086987703608322 0.8011042148503802 -0.639038997133756
5.099579257330125 0.8147693716494016 -0.619678446078043
5.112170811051928 0.8279975399047683 -0.5999882452494492
5.124762364773731 0.84078146275111 -0.5799791965317846
5.137353918495533 0.8531141270324759 -0.5596622767262062
5.149945472217336 0.8649887671496893 -0.5390486315294412
5.162537025939138 0.8763988687718923 -0.5181495694193602
5.175128579660941 0.8873381724102705 -0.496976555451214
5.1877201333827445 0.8978006768519408 -0.4755412049680251
5.200311687104547 0.9077806424521826 -0.4538552772284821
5.21290324082635 0.9172725942831498 -0.4319306689559187
5.225494794548153 0.9262713251373804 -0.4097794078118575
5.238086348269955 0.9347718983844148 -0.3874136457977591
5.250677901991758 0.9427696506790052 -0.3648456525884981
5.263269455713561 0.9502601945193844 -0.3420878088013336
5.275861009435364 0.957239420654206 -0.3191525992040245
5.288452563157167 0.9637035003368576 -0.2960526058657489
5.30104411687897 0.9696488874258744 -0.2728005012547064
5.313635670600772 0.9750723203303194 -0.2494090412861178
5.326227224322575 0.9799708237990752 -0.2258910583243981
5.338818778044377 0.9843417105530364 -0.202259454143452
5.35141033176618 0.9881825827593272 -0.1785271928488687
5.364001885487983 0.9914913333467394 -0.1547072937658944
5.376593439209786 0.9942661471616476 -0.130812824297173
5.389184992931589 0.9965055019637944 -0.1068568927540343
5.401776546653392 0.9982081692613742 -0.0828526411654069
5.414368100375194 0.9993732149849744 -0.0588132380682143
5.426959654096997 1.0 -0.0347518712831984
5.4395512078188 0.9998612712319148 -0.0106839698535322
5.452142761540602 0.9990282374468816 0.0133705515933213
5.4647343152624055 0.9976615967338224 0.0373983329881127
5.477325868984209 0.9957620864802657 0.0613864098507282
5.489917422706011 0.993330731589947 0.0853218391241174
5.502508976427814 0.9903688439298104 0.1091917061578658
5.515100530149616 0.986878021622172 0.1329831316764578
5.527692083871419 0.9828601481824372 0.156683278728455
5.540283637593222 0.9783173915028232 0.1802793596128165
5.5528751913150245 0.9732522026826512 0.2037586427786574
5.565466745036828 0.9676673147058218 0.22710845969472
5.578058298758631 0.9615657409662032 0.250316211684825
5.590649852480433 0.954950773641717 0.2733693767256424
5.603241406202236 0.9478259819180066 0.2962555162030934
5.615832959924039 0.940195210062631 0.3189622816237827
5.628424513645841 0.9320625753508572 0.3414774212777343
5.641016067367644 0.9234324658441234 0.3637887868489866
5.653607621089448 0.9143095380224112 0.3858843399703467
5.66619917481125 0.9046987142717878 0.4077521587188364
5.678790728533053 0.8946051802284676 0.4293804440483201
5.691382282254855 0.884034381980848 0.4507575261558045
5.703973835976658 0.8729920231309948 0.4718718707780476
5.716565389698461 0.8614840617172084 0.4927120854149818
5.729156943420263 0.8495167069992792 0.5132669254766993
5.7417484971420665 0.837096416108213 0.5335253003505952
5.75434005086387 0.82422989056221 0.5534762793854386
5.766931604585672 0.8109240726507713 0.5731090977891493
5.779523158307475 0.7971861416889168 0.5924131624370512
5.792114712029278 0.7830235101434759 0.6113780575875555
5.80470626575108 0.7684438196336327 0.6299935505020533
5.817297819472883 0.7534549368077675 0.6482495969661576
5.829889373194686 0.738064949098931 0.666136346709154
5.842480926916489 0.7222821603611619 0.6836441487188439
5.855072480638292 0.7061150863890462 0.7007635564488647
5.867664034360094 0.689572450322921 0.7174853329156785
5.880255588081897 0.6726631779421938 0.733800455682508
5.8928471418037 0.6553963928493232 0.7497001217275061
5.905438695525502 0.6377814115470852 0.7651757521935172
5.918030249247305 0.6198277384117301 0.7802189970169147
5.9306218029691085 0.6015450605647816 0.7948217394329775
5.943213356690911 0.5829432426462361 0.8089761003553868
5.955804910412714 0.564032321491977 0.8226744426274823
5.968396464134517 0.5448225007182822 0.8359093751429795
5.980988017856319 0.5253241452163261 0.84867375683394
5.993579571578122 0.5055477755596939 0.8609607005238105
6.006171125299925 0.4855040623278682 0.8727635766434879
6.018762679021728 0.4652038203487894 0.8840760168083844
6.0313542327435306 0.444658002863591 0.8948919172545614
6.043945786465333 0.4238776956166347 0.9052054421320956
6.056537340187136 0.402874110874081 0.9150110266538736
6.069128893908939 0.381658581374155 0.9243033800981508
6.081720447630741 0.3602425542124375 0.933077488663218
6.094312001352544 0.3386375846654606 0.941328618172656
6.106903555074347 0.3168553299558929 0.9490523166297262
6.1194951087961496 0.294907542962765 0.9562444166194918
6.132086662517953 0.2728060658800462 0.9629010375574022
6.144678216239756 0.2505628238270616 0.969018587783104
6.157269769961558 0.2281898184141411 0.9745937664983678
6.169861323683361 0.2056991212669898 0.9796235655480784
6.182452877405164 0.1831028675133313 0.9841052710433104
6.195044431126966 0.1604132492352233 0.9880364648256498
6.207635984848769 0.1376425088906825 0.9914150257719356
6.220227538570572 0.1148029327081178 0.9942391309387392
6.232819092292375 0.0919068440571475 0.9965072565459544
6.245410646014178 0.0689665967993797 0.9982181787989728
6.25800219973598 0.0459945686227299 0.999370974548995
6.270593753457783 0.0230031543628888 0.9999650217911292
6.283185307179586 4.759315551031666e-06 1.0
