0.0 -0.9158937690528668 -0.9971365981481574
0.0210139976828748 -0.8720595049351868 -1.0000000000000002
0.0420279953657497 -0.830410808895121 -0.988300663042163
0.0630419930486246 -0.7984475044984295 -0.9628462347860042
0.0840559907314994 -0.765366760241715 -0.9381323917847456
0.1050699884143743 -0.7299973642149709 -0.9157416313798956
0.1260839860972492 -0.6937623185750429 -0.8943561051113775
0.1470979837801241 -0.6570182374917897 -0.8735978433670756
0.1681119814629989 -0.6199056078623281 -0.8533118955231828
0.1891259791458738 -0.5824639379381226 -0.8334615683997748
0.2101399768287487 -0.5441441732982397 -0.8148733242864642
0.2311539745116236 -0.5037142340845612 -0.7997970192331353
0.2521679721944984 -0.4621361208387863 -0.7871151729870365
0.2731819698773733 -0.4199945685684706 -0.7758270271467758
0.2941959675602482 -0.3775605019267413 -0.76534563797132
0.315209965243123 -0.3349683200130837 -0.7553305726600049
0.3362239629259979 -0.2922901686232703 -0.7455794080060058
0.3572379606088728 -0.2495675044108477 -0.7359680205576917
0.3782519582917477 -0.2068254684764998 -0.7264181681987408
0.3992659559746225 -0.1640835520317454 -0.7168679866591218
0.4202799536574974 -0.1212841958628534 -0.7075031440927317
0.4412939513403723 -0.0784277764844422 -0.6983259186367199
0.4623079490232472 -0.0355847427143755 -0.6891044765911631
0.483321946706122 0.0071009392039924 -0.6793795999167497
0.5043359443889969 0.0494257183387219 -0.6685933326315716
0.5253499420718718 0.0912398097193972 -0.6564710367606916
0.5463639397547466 0.1325346187736189 -0.6431388596093959
0.5673779374376215 0.1730652995004603 -0.6282438016475622
0.5883919351204964 0.2127682478408513 -0.611821290193628
0.6094059328033713 0.2530072578092292 -0.5963575323517977
0.6304199304862461 0.293590879357089 -0.5815473078383088
0.651433928169121 0.3342215004316307 -0.5668286248969381
0.6724479258519959 0.3744057070469193 -0.551272840070932
0.6934619235348707 0.4124871694007992 -0.5323771096549486
0.7144759212177456 0.4460814728760154 -0.5081938035462359
0.7354899189006204 0.4743945288192779 -0.4795776106166021
0.7565039165834954 0.4973157917563894 -0.4476969260837399
0.7775179142663702 0.5201023039634497 -0.4157178395572583
0.7985319119492451 0.5406305981885007 -0.3826672129726868
0.8195459096321199 0.5588594687592546 -0.3486687309666832
0.8405599073149949 0.5750445329081242 -0.3139388860108801
0.8615739049978697 0.5899691072002538 -0.2788063828859839
0.8825879026807446 0.6053195887742229 -0.2438064821282738
0.9036019003636194 0.6222159516142036 -0.2093190404792779
0.9246158980464944 0.6413312154506086 -0.1756714999561222
0.9456298957293692 0.6630447923036419 -0.1431640589149672
0.966643893412244 0.6841798059164154 -0.1103956595898196
0.9876578910951188 0.7009450679650064 -0.0758778622281068
1.0086718887779935 0.7144078871603506 -0.0403322813576487
1.029685886460869 0.7249865690939048 -0.0041028086957231
1.0506998841437436 0.7316537112505441 0.0327784343901717
1.0717138818266183 0.7341128627159058 0.0700331681422634
1.0927278795094932 0.7343495208004436 0.107355848635265
1.1137418771923682 0.7356868030232716 0.1446576478938608
1.134755874875243 0.739929528887696 0.1818010793351032
1.1557698725581178 0.747123983083976 0.2186211893245553
1.1767838702409927 0.7567160630349513 0.2550520906900042
1.1977978679238677 0.7681024260267885 0.2911140079423742
1.2188118656067426 0.7811936835844376 0.3267615766071806
1.2398258632896173 0.795859273435532 0.3619699685476076
1.2608398609724922 0.8119809171329534 0.396722015984105
1.2818538586553672 0.8294437888597826 0.4310093986389706
1.302867856338242 0.8480946546621929 0.4648484927253232
1.3238818540211168 0.8677203090800271 0.4982921157441954
1.3448958517039915 0.8885097573373952 0.5312310173574849
1.3659098493868669 0.9102174558270796 0.5637458349488187
1.3869238470697414 0.9322563283161092 0.5961020702453592
1.4079378447526163 0.9534877102850388 0.6288378196991538
1.4289518424354912 0.9721592586931894 0.6626564417176345
1.4499658401183662 0.9864385227908667 0.6979557673058756
1.4709798378012409 0.9954984997454428 0.7344647543675147
1.4919938354841158 0.9997668630735173 0.7715985810625297
1.5130078331669907 1.0 0.8089092027803222
1.5340218308498657 0.9957221409248632 0.8460338649042942
1.5550358285327404 0.9815251751473724 0.8810029850613578
1.5760498262156153 0.9511051333271464 0.8640850690024792
1.5970638238984902 0.9323691163912714 0.8302869677519015
1.6180778215813651 0.9149535911105784 0.7959809469657334
1.63909181926424 0.8976734930557196 0.7616259684045786
1.6601058169471148 0.8802299755451084 0.7273299406524413
1.6811198146299895 0.862523506754006 0.6931301009016994
1.7021338123128644 0.8452770990735163 0.6587663435137573
1.7231478099957394 0.8297650860706712 0.6238172993930128
1.7441618076786145 0.8148439633480193 0.5886841476334261
1.7651758053614892 0.7907150970388774 0.5592373578049111
1.786189803044364 0.7667529434817528 0.5882571281703705
1.8072038007272389 0.7516336733658784 0.6233301240838808
1.8282177984101136 0.7365544595204023 0.6584158970079187
1.8492317960929887 0.7210925343781756 0.6933825717613114
1.8702457937758636 0.7048369807750928 0.7280907672891901
1.8912597914587383 0.6867024166280967 0.7621217919317074
1.9122737891416133 0.6641386896052758 0.7941754149892544
1.933287786824488 0.6338011693816902 0.8212644554415937
1.954301784507363 0.6027830862323809 0.8478621019378351
1.9753157821902376 0.5717070730111512 0.874411505015124
1.9963297798731128 0.54043353365834 0.9007949015168952
2.0173437775559875 0.5086323531778817 0.9267236765297884
2.0383577752388624 0.4756269950424995 0.9515510770594656
2.0593717729217373 0.440751070282563 0.9744798857024718
2.0803857706046123 0.4075714208002994 0.9989036088833836
2.101399768287487 0.3648639371763057 1.0
2.122413765970362 0.3603429240920814 0.9671052332400564
2.1434277636532366 0.3838783630459013 0.9355759394144886
2.1644417613361115 0.4112385798772693 0.9062665756174382
2.1854557590189865 0.4412084674079842 0.8788406519966476
2.2064697567018614 0.4736061274627066 0.8534513098897207
2.2274837543847363 0.5065240890822617 0.8285387216771241
2.2484977520676117 0.5360802140310552 0.8008342533222405
2.269511749750486 0.5597863222576145 0.7693774500868709
2.290525747433361 0.5747611343438747 0.7343677532675931
2.311539745116236 0.5918368806913842 0.7000536948387155
2.3325537427991105 0.6160076723135998 0.6688292827673061
2.353567740481985 0.6436683868714669 0.6397203582793741
2.3745817381648604 0.6690981506709744 0.6093370804131399
2.3955957358477358 0.6652527040152806 0.5737021782674426
2.4166097335306103 0.6331423280230053 0.5486182084460594
2.437623731213485 0.591157516550892 0.538106976236171
2.45863772889636 0.5476264087597201 0.5434868499368307
2.4796517265792346 0.5090008235726515 0.5613233733337404
2.500665724262109 0.4731822063629742 0.5831899752734664
2.5216797219449845 0.4340109172973189 0.6003722058495489
2.5426937196278594 0.3942713125332019 0.6166502299573099
2.5637077173107343 0.3575904377957858 0.637455139711919
2.5847217149936093 0.3234421592442444 0.6611444411100581
2.605735712676484 0.2919418576071698 0.6873158240645265
2.6267497103593587 0.2636235871434506 0.7159586425025705
2.6477637080422336 0.2388146879949993 0.7468358954547785
2.6687777057251085 0.216790591468955 0.77919567010679
2.6897917034079835 0.1923080827568804 0.8101493144989353
2.7108057010908584 0.1518088689168961 0.8197844959398225
2.7318196987737333 0.1154428327867523 0.7999150562521645
2.752833696456608 0.1075745988059398 0.7642249476535456
2.7738476941394827 0.1225643717825308 0.7292692395819548
2.7948616918223577 0.1460191118279112 0.6976685342689359
2.8158756895052326 0.1735859597392999 0.6685039989804763
2.8368896871881075 0.2037884605327916 0.6412561171665008
2.8579036848709825 0.2361149395544806 0.6158036424326551
2.8789176825538574 0.2715499364943917 0.5935546055549903
2.8999316802367323 0.3096027548570185 0.5745541756144288
2.9209456779196072 0.3480026644846694 0.5560536241676123
2.9419596756024817 0.3864243335530593 0.537585249471987
2.9629736732853567 0.4248197703587236 0.5190780446333992
2.983987670968232 0.4631654304338269 0.5004974696856276
3.0050016686511065 0.5013937670416396 0.4817455849370001
3.026015666333981 0.5393120636263712 0.4625515004454623
3.0470296640168564 0.5763690858448464 0.4422023644151377
3.0680436616997318 0.610486840834829 0.4185487368839463
3.089057659382606 0.6346469044625342 0.3875662823873684
3.1100716570654807 0.6448242748823471 0.3514168358669327
3.131085654748356 0.6449943773921115 0.3141209580278264
3.1520996524312306 0.6419114406475765 0.2768897529031283
3.173113650114105 0.6377555755705436 0.239734130950004
3.1941276477969804 0.6312741213838184 0.2028188112800174
3.215141645479856 0.6223466290335883 0.1662688312079101
3.2361556431627303 0.6111065270976735 0.1301757980837687
3.257169640845605 0.5977541018296296 0.0945985455858907
3.27818363852848 0.5828716661325947 0.0594533341584965
3.299197636211354 0.5676341639743453 0.0244164731656491
3.3202116338942296 0.5516079809346687 -0.0103676162866689
3.3412256315771045 0.5338171867888432 -0.0445297326565703
3.3622396292599794 0.5119998511989603 -0.0769468777095662
3.3832536269428544 0.4788099075822084 -0.1004255355995022
3.404267624625729 0.4410829538403275 -0.0853353242906706
3.425281622308604 0.4188437793454156 -0.0531858301474748
3.4462956199914787 0.4025798627629083 -0.0184927552863394
3.4673096176743536 0.3890093613653195 0.0170259334629609
3.488323615357229 0.3769125365825918 0.0529243152533715
3.5093376130401035 0.3656860248830754 0.0890243125766818
3.5303516107229784 0.35497527959103 0.1252360699994879
3.5513656084058534 0.3445455613263726 0.1615063345878736
3.572379606088728 0.3342344373888556 0.1978007693261293
3.5933936037716028 0.3253616871550443 0.2343603947493579
3.6144076014544777 0.3185846261531213 0.2712401753695607
3.6354215991373526 0.3133648105307807 0.3083014148507155
3.656435596820228 0.3091562534891612 0.3454551023053408
3.6774495945031034 0.3054153475393873 0.3826448328773363
3.6984635921859774 0.301573232400833 0.419827074895451
3.719477589868852 0.296509705976589 0.4568943617348423
3.740491587551727 0.2727499384765187 0.4655871403618066
3.7615055852346018 0.2550799585747317 0.4314426785446018
3.7825195829174767 0.2423765131581187 0.3957030098465682
3.803533580600352 0.2328940184687569 0.3592574206356431
3.8245475782832266 0.2270337114629405 0.3222750490677442
3.8455615759661015 0.2250117760093117 0.2850020756300351
3.866575573648976 0.2266191079066168 0.2477123257814554
3.887589571331851 0.2312285397330944 0.2105974257497773
3.908603569014726 0.237839592144177 0.1736950704320405
3.9296175666976008 0.24545257995626 0.1369293380708784
3.950631564380476 0.2538426917616601 0.1002845412809106
3.971645562063351 0.2631552461789519 0.0637989683999649
3.9926595597462256 0.2732230797790881 0.0274560950029519
4.0136735574291 0.2833896704443719 -0.0088673227892385
4.034687555111975 0.2930385765796841 -0.0452909110585676
4.05570155279485 0.3019998447596921 -0.0818394814653631
4.076715550477725 0.3103293540695431 -0.1184944203968322
4.0977295481606 0.3179205088537254 -0.1552631964066391
4.118743545843475 0.3245166853395804 -0.1921679816444262
4.13975754352635 0.3296899560983736 -0.2292327931314683
4.1607715412092245 0.3326426997040536 -0.2664666447851508
4.1817855388921 0.3316470196925554 -0.3037575095664133
4.202799536574974 0.3224940847856752 -0.3401586979452264
4.223813534257849 0.3015865924147999 -0.3729560490089034
4.244827531940724 0.2740211901846774 -0.4020876638695169
4.265841529623599 0.2417193826641678 -0.4275320483655058
4.286855527306473 0.2058524864286422 -0.4493171251993036
4.307869524989348 0.1671812578989555 -0.4673786242883317
4.328883522672223 0.1263268421867223 -0.4815638530860096
4.349897520355098 0.0842407893620902 -0.4930016816325606
4.370911518037973 0.0425308749147524 -0.505378205408964
4.391925515720848 0.0011731253410196 -0.5185747278192979
4.412939513403723 -0.0404205120292319 -0.5312288402766555
4.433953511086598 -0.0825265053915611 -0.5426062006980583
4.454967508769473 -0.1251664364220441 -0.5524667912391596
4.475981506452348 -0.1681675653190862 -0.5611438296273001
4.496995504135223 -0.2115538454330273 -0.5682679276668547
4.5180095018180975 -0.2552125123859666 -0.5668681082600338
4.539023499500972 -0.2699933389927771 -0.5344446524864174
4.560037497183847 -0.259781283179955 -0.4981668558417483
4.581051494866722 -0.2476716217538047 -0.4622711796868399
4.602065492549596 -0.237302293531272 -0.4259935797132201
4.623079490232471 -0.2289555636333416 -0.3893425131150306
4.644093487915346 -0.221892020133015 -0.3524995728819901
4.665107485598221 -0.2160352874920862 -0.3155060042831581
4.686121483281096 -0.2113469962129965 -0.2783939358657497
4.707135480963971 -0.2078811555523906 -0.2411865505348063
4.728149478646846 -0.206128106183355 -0.2038977457035314
4.749163476329721 -0.2057323758684813 -0.1665882994442558
4.770177474012596 -0.2013235813945988 -0.1294630337345995
4.791191471695471 -0.1931266988848495 -0.0927978783428848
4.812205469378346 -0.1818121327519833 -0.0567204724437979
4.8332194670612205 -0.1761366662283138 -0.0198924295300559
4.854233464744096 -0.2066104247594529 -0.0012644582356305
4.87524746242697 -0.2438335794902616 -0.020251759675632
4.896261460109845 -0.2676184825418879 -0.0513720790673976
4.917275457792719 -0.2810135100510667 -0.0869328913689034
4.938289455475594 -0.2909702168172848 -0.1232681519216337
4.959303453158469 -0.2981111029838371 -0.16009534889586
4.980317450841344 -0.3079206109347112 -0.1964849965111248
5.001331448524219 -0.318634210588514 -0.2326962521348646
5.022345446207094 -0.3289229077641471 -0.2689949095418399
5.043359443889969 -0.3386075041371981 -0.3054118627821714
5.064373441572844 -0.3477808119692271 -0.3419231295720255
5.085387439255719 -0.3563674042366378 -0.3785351411742461
5.106401436938594 -0.3632474271915908 -0.4153995458131165
5.127415434621469 -0.3672122890580033 -0.452566175391211
5.148429432304344 -0.3802371750581771 -0.4879549005622769
5.1694434299872185 -0.40254371869088 -0.5201378406072952
5.190457427670093 -0.4302834121720883 -0.5491598269133847
5.211471425352968 -0.4624950678866162 -0.5746875623896353
5.232485423035842 -0.4981889998689137 -0.596678241481616
5.253499420718717 -0.5365011692080892 -0.6152759386049738
5.274513418401592 -0.5766572106849782 -0.6308745743053588
5.295527416084467 -0.6179199688412926 -0.644244663482867
5.316541413767342 -0.6612683719318724 -0.6502826551900025
5.337555411450217 -0.6837901854412869 -0.6238389983176542
5.358569409133092 -0.6708537489439986 -0.5883005796866868
5.379583406815967 -0.651008696201627 -0.554958322422835
5.400597404498842 -0.6271785692767864 -0.5235621239307736
5.421611402181717 -0.5978861155834603 -0.4956393749770632
5.442625399864592 -0.568218971784398 -0.4679880330714041
5.463639397547467 -0.5430961253086717 -0.4373084032978634
5.484653395230342 -0.522509028970403 -0.4043009625755297
5.5056673929132165 -0.5065602654259481 -0.3695127098651703
5.526681390596091 -0.4957052771256777 -0.3333582180243087
5.5476953882789655 -0.4915100622864809 -0.2962605296693192
5.56870938596184 -0.4961237957726684 -0.2591544428331231
5.589723383644715 -0.497893984371476 -0.2218719166720037
5.61073738132759 -0.4970159540960125 -0.1845585383270462
5.631751379010465 -0.4947892026727056 -0.1472826346976305
5.65276537669334 -0.4944151151598044 -0.1099879034945296
5.673779374376215 -0.5143197045547572 -0.0786985096465172
5.69479337205909 -0.5553316332527584 -0.0833640445818447
5.715807369741965 -0.5747808758287988 -0.1164534488464515
5.73682136742484 -0.5840311388766524 -0.1529332331885053
5.757835365107715 -0.5907108902720138 -0.1898263991292593
5.77884936279059 -0.5953008659044211 -0.2269431376736563
5.799863360473465 -0.5979050351084761 -0.2642011363887833
5.82087735815634 -0.6040007577923826 -0.3011327238585049
5.841891355839215 -0.616552096271588 -0.3368853913836045
5.8629053535220885 -0.6350149365406484 -0.3707690271619172
5.883919351204964 -0.6577448370902991 -0.4027703421797421
5.904933348887838 -0.682509345968203 -0.4336884631571989
5.925947346570713 -0.7088394870747011 -0.4636597392006186
5.946961344253588 -0.7384852986695603 -0.4913240690655965
5.967975341936463 -0.770668036553158 -0.5169141844760419
5.988989339619338 -0.7999208784097176 -0.5448405138549883
6.010003337302213 -0.8237421871712524 -0.576254969209644
6.031017334985088 -0.8420888383671759 -0.6101571540488286
6.052031332667963 -0.8528199145840913 -0.6463366883307087
6.073045330350838 -0.8647711167707577 -0.682237194673917
6.094059328033713 -0.8824457548415324 -0.7164264662160615
6.115073325716588 -0.9039422374496924 -0.7490277321587151
6.136087323399463 -0.9288854547595216 -0.7798286578771465
6.1571013210823375 -0.9566479396364068 -0.8088702990398697
6.178115318765212 -0.9839252836999364 -0.838216267623037
6.199129316448087 -1.0 -0.8726292382790578
6.220143314130961 -0.9954952557307708 -0.9094477588110522
6.241157311813836 -0.9761547337242812 -0.942875324979102
6.262171309496711 -0.9483838645673748 -0.9718543014081816
6.283185307179586 -0.915893769052868 -0.9971365981481553
