   0.0000000000000000      -0.93859211919686281       -1.0045358979456362     
   3.1573796053924186E-002 -0.88247565875693224       -1.0048343913928897     
   6.3147592107848372E-002 -0.81431627883086444      -0.98159759350805997     
   9.4721391087608797E-002 -0.74319885043129541      -0.94152708653064265     
  0.12629518421569674      -0.67657195149498628      -0.89471021447858523     
  0.15786898319545717      -0.61779845475513673      -0.85109303866600416     
  0.18944278217521759      -0.56552528257194201      -0.81723683072131714     
  0.22101656945163306      -0.51507119051136696      -0.79471882449629139     
  0.25259036843139349      -0.46110082233293309      -0.78070076432149815     
  0.28416416741115391      -0.40029001445697060      -0.77015539235916064     
  0.31573796639091434      -0.33275866269872229      -0.75853742633745480     
  0.34731176537067476      -0.26170345186405047      -0.74363499099802821     
  0.37888556435043519      -0.19156046456626483      -0.72590330875938147     
  0.41045933992350569      -0.12571721971111552      -0.70741728859384434     
  0.44203313890326612       -6.4943250973364147E-002 -0.69023067665897153     
  0.47360693788302655       -7.2733707514738991E-003 -0.67508814081930446     
  0.50518073686278697        5.0695709306881123E-002 -0.66108552877475102     
  0.53675453584254740       0.11183472491667985      -0.64626895685380747     
  0.56832833482230782       0.17686239281690871      -0.62866257624254740     
  0.59990213380206825       0.24385598058424063      -0.60707534932422524     
  0.63147593278182867       0.30905665780862118      -0.58128292660283531     
  0.66304973176158910       0.36848940309265760      -0.55161780594008447     
  0.69462353074134953       0.41956723155470416      -0.51835146864696613     
  0.72619732972110995       0.46194181271443108      -0.48132244657886791     
  0.75777112870087038       0.49730530288693858      -0.44004703482476948     
  0.78934492768063080       0.52838011630418191      -0.39420771846751973     
  0.82091867984701139       0.55767661986009887      -0.34416819134887905     
  0.85249252564015165       0.58660693460845981      -0.29115333082526523     
  0.88406627780653224       0.61526086839214733      -0.23694774800364893     
  0.91564012359967251       0.64277488887287404      -0.18325286063145835     
  0.94721387576605309       0.66796065298509999      -0.13104248600376395     
  0.97878772155919336       0.68983843268956802       -8.0239254648216962E-002
   1.0103614737255739       0.70788937075440050       -2.9860365088350167E-002
   1.0419353195187142       0.72207478800603753        2.1466282298351083E-002
   1.0735090716850948       0.73279705584950205        7.4862186306431336E-002
   1.1050829174782351       0.74094294365110236       0.13070313836336456     
   1.1366566696446156       0.74799239770213488       0.18842386623257665     
   1.1682304218109962       0.75603307151292298       0.24665347441026100     
   1.1998042676041365       0.76749948863101658       0.30361355225517273     
   1.2313780197705171       0.78458962921202891       0.35768291202519392     
   1.2629518655636573       0.80851942589552717       0.40801459908798465     
   1.2945256177300379       0.83892278754594951       0.45503831085869134     
   1.3260994635231782       0.87369477410986784       0.50062528192823474     
   1.3576732156895588       0.90939096824855703       0.54767355271653950     
   1.3892470614826991       0.94204802567609469       0.59901486527894399     
   1.4208208136490796       0.96809941163831570       0.65583177224991140     
   1.4523946594422199       0.98504975059884081       0.71613873610965262     
   1.4839684116086005       0.99171877816937148       0.77408605242955619     
   1.5155422574017408       0.98809870415613854       0.82073547980409889     
   1.5471160095681213       0.97503319726424498       0.84643765193841713     
   1.5786898553612616       0.95394666625394897       0.84421752354907087     
   1.6102636075276422       0.92672621057231552       0.81294240102268500     
   1.6418373596940228       0.89568126988443175       0.75889354730675962     
   1.6734112991139227       0.86340360029041152       0.69483491062561231     
   1.7049850512803033       0.83238869931218407       0.63665157311615683     
   1.7365588034466839       0.80443874478316169       0.59868080217877628     
   1.7681325556130645       0.78005677004738694       0.58950830855923209     
   1.7997063077794451       0.75812216255798659       0.60985844154229540     
   1.8312802471993450       0.73607066049556480       0.65333754299865809     
   1.8628539993657256       0.71060361220618207       0.70955088660410714     
   1.8944277515321062       0.67872710951110848       0.76811545723754748     
   1.9260015036984868       0.63879391257609253       0.82179085361395920     
   1.9575754431183867       0.59123043192166302       0.86751690084632582     
   1.9891491952847673       0.53876833990059358       0.90524914660363143     
   2.0207229474511479       0.48615810512647500       0.93558041418360249     
   2.0522966996175285       0.43946434650736843       0.95764528124601200     
   2.0838706390374284       0.40506405504827447       0.96851691273044727     
   2.1154443912038090       0.38846438747663109       0.96437749037239173     
   2.1470181433701896       0.39306489284106422       0.94271673695033342     
   2.1785918955365702       0.41907153906411182       0.90423463228767287     
   2.2101658349564701       0.46286220432359665       0.85330765528081132     
   2.2417395871228507       0.51713434216802212       0.79669902410890547     
   2.2733133392892313       0.57203539116306390       0.74118025128108056     
   2.3048870914556119       0.61715865030300754       0.69135011131252877     
   2.3364608436219925       0.64391930527144314       0.64880982232957851     
   2.3680347830418924       0.64755986736791260       0.61308333403941828     
   2.3996085352082730       0.62806245972903196       0.58366814746360629     
   2.4311822873746536       0.58960531327953658       0.56192921665550921     
   2.4627560395410342       0.53876984602254718       0.55160134943874506     
   2.4943299789609341       0.48222964371731070       0.55740839444257251     
   2.5259037311273147       0.42487246711875754       0.58236985945919950     
   2.5574774832936953       0.36908623677852281       0.62516164870696334     
   2.5890512354600759       0.31539240162780879       0.67899446912674022     
   2.6206251748799758       0.26395934874499821       0.73280416250708547     
   2.6521989270463564       0.21613556573336368       0.77444062686861825     
   2.6837726792127370       0.17516761118642152       0.79456784140102499     
   2.7153464313791176       0.14572581138910742       0.78961187857423210     
   2.7469203707990175       0.13247312811984158       0.76253201538789017     
   2.7784941229653981       0.13839494590642806       0.72117654731553260     
   2.8100678751317787       0.16369280285925863       0.67504434334315810     
   2.8416416272981593       0.20572192886966176       0.63190164771687529     
   2.8732153794645399       0.25990181769951998       0.59561668839812254     
   2.9047893188844398       0.32106601212024327       0.56588662734048412     
   2.9363630710508204       0.38457349314337497       0.53961310913634897     
   2.9679368232172010       0.44674836062042000       0.51299153322340341     
   2.9995105753835816       0.50465265825305272       0.48323005963782201     
   3.0310845148034815       0.55560107866293273       0.44919572245997808     
   3.0626582669698621       0.59692106602226092       0.41096214363153255     
   3.0942320191362427       0.62624168100502431       0.36881263572154976     
   3.1258057713026233       0.64217711267871391       0.32247186666690586     
   3.1573797107225232       0.64495844711249195       0.27110472789220896     
   3.1889532756353844       0.63652982404651837       0.21412507876043552     
   3.2205272150552844       0.61991682595794995       0.15235572929536473     
   3.2521011544751843       0.59811742832860404        8.8877211390474803E-002
   3.2836747193880456       0.57308553873130497        2.9015160177108958E-002
   3.3152486588079455       0.54537319244014126       -2.0651818946282912E-002
   3.3468225982278454       0.51465250578773680       -5.3915277723110992E-002
   3.3783961631407067       0.48082338573170635       -6.6569807393471681E-002
   3.4099701025606066       0.44505151153097283       -5.7416984502831808E-002
   3.4415436674734678       0.41007762458490604       -2.8302893250268177E-002
   3.4731176068933678       0.37950461002762731        1.6730062561800898E-002
   3.5046915463132677       0.35635991032520192        7.2731813071333931E-002
   3.5362651112261290       0.34164944829296484       0.13499100275269363     
   3.5678390506460289       0.33369596421344466       0.19957618653952841     
   3.5994126155588901       0.32867903345559923       0.26312915327821607     
   3.6309865549787901       0.32218220278427157       0.32218296699981847     
   3.6625604943986900       0.31103709059982099       0.37250122063134217     
   3.6941340593115513       0.29459415303292985       0.40899443402757274     
   3.7257079987314512       0.27484621776380136       0.42648522045910026     
   3.7572819381513511       0.25541586701209040       0.42117086104941348     
   3.7888555030642124       0.23996552233038024       0.39222288318776793     
   3.8204294424841123       0.23083030017947911       0.34274443007233252     
   3.8520030073969735       0.22848108757617519       0.27947583495298622     
   3.8835769468168735       0.23192748061200472       0.21109825441386099     
   3.9151508862367734       0.23966956917922641       0.14564261857864341     
   3.9467244511496347       0.25055847625333910        8.7968297526282768E-002
   3.9782983905695346       0.26406473679067766        3.8390719967307287E-002
   4.0098719554823958       0.27986067733152209       -6.8712282419036855E-003
   4.0414458949022958       0.29706129984103380       -5.3547258011344780E-002
   4.0730198343221957       0.31365940126574832      -0.10634466335753630     
   4.1045933992350569       0.32656312044601837      -0.16649428348362344     
   4.1361673386549569       0.33226287006161720      -0.23095706013184381     
   4.1677412780748568       0.32777823483077190      -0.29368328357779450     
   4.1993148429877181       0.31138821554867419      -0.34835281744723295     
   4.2308887824076180       0.28279872027275643      -0.39126254537622496     
   4.2624623473204792       0.24277062438706737      -0.42291947613197262     
   4.2940362867403792       0.19255287382330472      -0.44752981079941906     
   4.3256102261602791       0.13357755773735513      -0.47059571180280718     
   4.3571837910731404        6.7649485367632461E-002 -0.49582407563606568     
   4.3887577304930403       -2.5043552360930685E-003 -0.52291211468096044     
   4.4203316699129402       -7.2766784091808090E-002 -0.54734866739347121     
   4.4519052348258015      -0.13775089572246094      -0.56234826867042353     
   4.4834791742457014      -0.19171578366500000      -0.56192551156909798     
   4.5150527391585626      -0.23003210697253718      -0.54353291970146356     
   4.5466266785784626      -0.25061040939697482      -0.50893673755787061     
   4.5782006179983625      -0.25461053787986399      -0.46296675261912973     
   4.6097741829112238      -0.24608317798546059      -0.41093500130357336     
   4.6413481223311237      -0.23067693646568371      -0.35624283610061258     
   4.6729216872439849      -0.21399593770246828      -0.29958093014247555     
   4.7044956266638849      -0.20031236529040181      -0.24017775118757884     
   4.7360695660837848      -0.19210110547499137      -0.17836655185201486     
   4.7676431309966461      -0.19037978661412325      -0.11787008507320591     
   4.7992170704165460      -0.19541659655320662       -6.6268468605197903E-002
   4.8307910098364459      -0.20722694999923252       -3.3055755299960604E-002
   4.8623645747493072      -0.22550920312073841       -2.6018657021597103E-002
   4.8939385141692071      -0.24912270030913247       -4.7717168763932997E-002
   4.9255120790820683      -0.27559930303400243       -9.3935515348258142E-002
   4.9570860185019683      -0.30127389053092274      -0.15506270045829962     
   4.9886599579218682      -0.32230110860520556      -0.21986844411269788     
   5.0202335228347295      -0.33630000506888136      -0.27988856310357385     
   5.0518074622546294      -0.34387983274341039      -0.33226023825592882     
   5.0833814016745293      -0.34917992493199540      -0.37961158966047115     
   5.1149549665873906      -0.35889972090994804      -0.42714348116149564     
   5.1465289060072905      -0.37996021067124203      -0.47848392196402290     
   5.1781024709201517      -0.41662029516616295      -0.53253250220930792     
   5.2096764103400517      -0.46822906749865872      -0.58299109246347836     
   5.2412503497599516      -0.52861444775624022      -0.62081361530488177     
   5.2728239146728129      -0.58749729502085146      -0.63828300850312825     
   5.3043978540927128      -0.63349756412056946      -0.63254421002089001     
   5.3359714190055740      -0.65765458501763840      -0.60674086501778723     
   5.3675453584254740      -0.65621258085876200      -0.56820054650325136     
   5.3991192978453739      -0.63170208414512752      -0.52469764563683496     
   5.4306928627582352      -0.59203032937699274      -0.48083432401103415     
   5.4622668021781351      -0.54799105060166575      -0.43649127683003308     
   5.4938407415980350      -0.51012269785799569      -0.38816045634036739     
   5.5254143065108963      -0.48594913838911313      -0.33238508478745221     
   5.5569882459307962      -0.47841313971096333      -0.26939610634976208     
   5.5885618108436574      -0.48584105512056042      -0.20492218635735421     
   5.6201357502635574      -0.50326420739041045      -0.14909160084680628     
   5.6517096896834573      -0.52454210702568338      -0.11290241422837970     
   5.6832832545963186      -0.54455040634211993      -0.10395617129730431     
   5.7148571940162185      -0.56074591657319706      -0.12352889371188470     
   5.7464307589290797      -0.57365827933020119      -0.16631794529369148     
   5.7780046983489797      -0.58623117893487353      -0.22284430691672588     
   5.8095786377688796      -0.60231369699190240      -0.28320798650850437     
   5.8411522026817408      -0.62490991062779733      -0.34038091828684403     
   5.8727261421016408      -0.65488399862425173      -0.39164874863337101     
   5.9043000815215407      -0.69064406175313375      -0.43790641882981718     
   5.9358736464344020      -0.72893243642187033      -0.48164860626146344     
   5.9674475858543019      -0.76635348647433543      -0.52500614248591693     
   5.9990211507671631      -0.80089962824993932      -0.56889157081608299     
   6.0305950901870631      -0.83270488387428920      -0.61346316552652869     
   6.0621690296069630      -0.86356265668966270      -0.65919648505322948     
   6.0937425945198243      -0.89536094003655053      -0.70750578763299987     
   6.1253165339397242      -0.92815762308543559      -0.76018986868843852     
   6.1568904733596241      -0.95889514367181494      -0.81781929289165123     
   6.1884640382724854      -0.98155419386044385      -0.87800738268765022     
   6.2200379776923853      -0.98889671498728904      -0.93476168340174226     
   6.2516115426052465      -0.97516815781308885      -0.97964447554196088     
   6.2831854820251465      -0.93859185720697025       -1.0045359695500329     
