0.0 4.759315542552778e-06 0.9999999999999999
0.012591553721802777 -0.022993635731794887 0.9999650217911296
0.025183107443605555 -0.04598504999163419 0.9993709745489954
0.037774661165408334 -0.06895707816828697 0.9982181787989733
0.05036621488721111 -0.09189732542605399 0.9965072565459554
0.06295776860901389 -0.11479341407702476 0.9942391309387402
0.07554932233081667 -0.13763299025958906 0.9914150257719369
0.08814087605261944 -0.1604037306041302 0.9880364648256512
0.10073242977442222 -0.18309334888223883 0.984105271043312
0.113323983496225 -0.20568960263589658 0.9796235655480802
0.12591553721802778 -0.22818029978304463 0.9745937664983707
0.13850709093983055 -0.2505533051959709 0.9690185877831055
0.15109864466163334 -0.27279654724895613 0.9629010375574037
0.1636901983834361 -0.29489802433167184 0.9562444166194944
0.1762817521052389 -0.3168458113248005 0.9490523166297289
0.18887330582704165 -0.3386280660343673 0.9413286181726592
0.20146485954884444 -0.3602330355813451 0.9330774886632212
0.21405641327064723 -0.3816490627430592 0.9243033800981554
0.22664796699245 -0.4028645922429885 0.9150110266538775
0.23923952071425278 -0.4238681769855425 0.9052054421320992
0.25183107443605557 -0.44464848423249864 0.8948919172545653
0.26442262815785833 -0.46519430171769754 0.8840760168083883
0.2770141818796611 -0.48549454369677564 0.8727635766434926
0.28960573560146385 -0.5055382569286022 0.8609607005238148
0.30219728932326667 -0.5253146265852334 0.8486737568339451
0.31478884304506943 -0.5448129820871883 0.8359093751429857
0.3273803967668722 -0.564022802860886 0.8226744426274869
0.339971950488675 -0.5829337240151448 0.8089761003553918
0.3525635042104778 -0.6015355419336893 0.7948217394329833
0.36515505793228054 -0.6198182197806384 0.7802189970169203
0.3777466116540833 -0.6377718929159946 0.7651757521935224
0.3903381653758861 -0.6553868742182318 0.7497001217275122
0.4029297190976889 -0.6726536593111011 0.7338004556825155
0.41552127281949164 -0.6895629316918315 0.7174853329156832
0.42811282654129446 -0.7061055677579551 0.7007635564488711
0.4407043802630972 -0.7222726417300708 0.683644148718851
0.4532959339849 -0.7380554304678402 0.6661363467091604
0.46588748770670274 -0.7534454181766775 0.648249596966164
0.47847904142850556 -0.7684343010025423 0.6299935505020605
0.4910705951503083 -0.7830139915123864 0.6113780575875619
0.5036621488721111 -0.7971766230578256 0.5924131624370605
0.5162537025939139 -0.8109145540196816 0.5731090977891563
0.5288452563157167 -0.8242203719311203 0.5534762793854461
0.5414368100375194 -0.8370868974771236 0.5335253003506029
0.5540283637593222 -0.8495071883681897 0.5132669254767073
0.566619917481125 -0.8614745430861191 0.4927120854149899
0.5792114712029277 -0.8729825044999062 0.47187187077805515
0.5918030249247306 -0.8840248633497578 0.45075752615581544
0.6043945786465333 -0.8945956615973794 0.429380444048328
0.6169861323683361 -0.9046891956406984 0.4077521587188472
0.6295776860901389 -0.9143000193913233 0.38588433997035476
0.6421692398119416 -0.9234229472130355 0.3637887868489952
0.6547607935337444 -0.9320530567197697 0.3414774212777431
0.6673523472555472 -0.9401856914315437 0.3189622816237909
0.67994390097735 -0.9478164632869183 0.2962555162031051
0.6925354546991528 -0.9549412550106308 0.2733693767256481
0.7051270084209555 -0.9615562223351162 0.25031621168483364
0.7177185621427583 -0.9676577960747352 0.22710845969472795
0.7303101158645611 -0.9732426840515644 0.20375864277866643
0.7429016695863638 -0.9783078728717367 0.1802793596128253
0.7554932233081666 -0.9828506295513506 0.15668327872846466
0.7680847770299695 -0.986868502991086 0.13298313167646683
0.7806763307517722 -0.9903593252987244 0.10919170615787392
0.793267884473575 -0.9933212129588616 0.08532183912412608
0.8058594381953778 -0.9957525678491799 0.06138640985074142
0.8184509919171805 -0.9976520781027369 0.03739833298812134
0.8310425456389833 -0.9990187188157965 0.013370551593329703
0.843634099360786 -0.99985175260083 -0.010683969853522962
0.8562256530825889 -1.0 -0.03475197295810108
0.8688172068043917 -0.9993959301811117 -0.05881397512936873
0.8814087605261944 -0.9982530805789159 -0.08285454427414618
0.8940003142479972 -0.9965720793139916 -0.1068604674760673
0.9065918679698 -0.9943538502799867 -0.1308185508604905
0.9191834216916027 -0.9915996126358377 -0.1547156268459755
0.9317749754134055 -0.9883108801357084 -0.17853856138130791
0.9443665291352084 -0.9844894602970177 -0.20227426116408764
0.9569580828570111 -0.9801374534070098 -0.22590968083693538
0.9695496365788139 -0.9752572513684192 -0.2494318301573319
0.9821411903006166 -0.9698515363848573 -0.2728277811371826
0.9947327440224194 -0.9639232794866508 -0.2960846751481493
1.0073242977442223 -0.9574757388979336 -0.31918972998887774
1.019915851466025 -0.9505124582458997 -0.3421302469102048
1.0325074051878278 -0.9430372646131918 -0.3648936175945126
1.0450989589096304 -0.935054266434502 -0.3874673310853738
1.0576905126314333 -0.9265678512385391 -0.40983898066368457
1.070282066353236 -0.9175826832366022 -0.43199627066651486
1.0828736200750388 -0.9081037007590878 -0.4539270232449128
1.0954651737968417 -0.8981361135413375 -0.47561918505696704
1.1080567275186444 -0.8876853998603221 -0.497060833892427
1.1206482812404472 -0.8767573035237275 -0.5182401852252655
1.13323983496225 -0.8653578307131081 -0.5391455986905559
1.1458313886840528 -0.8534932466828329 -0.5597655844821268
1.1584229424058554 -0.8411700723166454 -0.5800888096674621
1.1710144961276583 -0.8283950805437271 -0.6001041044163851
1.1836060498494612 -0.8151752926162308 -0.6198004681401016
1.1961976035712638 -0.8015179742503398 -0.6391670755372182
1.2087891572930667 -0.787430631632961 -0.6581932825434338
1.2213807110148693 -0.7729210072962586 -0.6768686321816085
1.2339722647366722 -0.7579970758622864 -0.6951828603090171
1.2465638184584749 -0.7426670396600619 -0.7131259012586149
1.2591553721802777 -0.7269393242174934 -0.7306878933712201
1.2717469259020806 -0.7108225736306295 -0.7478591844155732
1.2843384796238833 -0.6943256458127904 -0.7646303368932877
1.2969300333456861 -0.6774576076261724 -0.7809921332257896
1.3095215870674888 -0.6602277298986202 -0.7969355808203807
1.3221131407892917 -0.6426454823282953 -0.8124519170126498
1.3347046945110943 -0.624720528279043 -0.827532613882513
1.3472962482328972 -0.6064627194693202 -0.8421693829412363
1.3598878019547 -0.5878820905575984 -0.8563541796868667
1.3724793556765027 -0.5689888536272257 -0.870079208025562
1.3850709093983056 -0.5497933925737738 -0.8833369245563941
1.3976624631201082 -0.5303062573979526 -0.8961200427172735
1.410254016841911 -0.5105381584072313 -0.9084215367897104
1.4228455705637137 -0.49049996032936066 -0.9202346457602106
1.4354371242855166 -0.4702026763410146 -0.9315528770361938
1.4480286780073195 -0.44965746201485074 -0.9423700100143807
1.4606202317291221 -0.4288756091883043 -0.9526800994996916
1.473211785450925 -0.40786853975749143 -0.962477478972783
1.4858033391727277 -0.3866477993996314 -0.9717567637044151
1.4983948928945305 -0.3652250512274363 -0.9805128537149513
1.5109864466163332 -0.3436120693789557 -0.9887409365773521
1.523578000338136 -0.3218207325464113 -0.9964364900621268
1.536169554059939 -0.2991980785160156 -1.0
1.5487611077817416 -0.27667949718347756 -0.9958762279908926
1.5613526615035445 -0.25842174328591894 -0.9817092635925768
1.573944215225347 -0.24920099264554818 -0.9599043641169923
1.58653576894715 -0.24820110515733285 -0.9358992280677799
1.5991273226689526 -0.24820110515733285 -0.9118283703015538
1.6117188763907555 -0.24820110515733285 -0.8877575125353279
1.6243104301125584 -0.24820110515733285 -0.8636866547691018
1.636901983834361 -0.24820110515733285 -0.8396157970028758
1.649493537556164 -0.24820110515733285 -0.8155449392366497
1.6620850912779666 -0.24820110515733285 -0.7914740814704236
1.6746766449997694 -0.25497954686991664 -0.776111963470607
1.687268198721572 -0.2776141806628078 -0.7803699399146454
1.699859752443375 -0.3004017523784525 -0.7836107848030546
1.7124513061651778 -0.32330997930790883 -0.785718230877325
1.7250428598869805 -0.34629181642432594 -0.786562760517282
1.7376344136087833 -0.36928090535192454 -0.7860026780695301
1.750225967330586 -0.39218639226718127 -0.7838872404214419
1.7628175210523889 -0.4148877111134568 -0.7800628199816924
1.7754090747741915 -0.43723053272598933 -0.774382984414485
1.7880006284959944 -0.4590257506121297 -0.7667227220846433
1.8005921822177973 -0.4800536806060304 -0.7569955580095249
1.8131837359396 -0.5000748864475236 -0.7451701612617633
1.8257752896614028 -0.5188466653542936 -0.7312812576235124
1.8383668433832054 -0.5361406497564055 -0.7154298279370832
1.8509583971050083 -0.5517536174085823 -0.6977703933511603
1.863549950826811 -0.5655003784563072 -0.6784866927903707
1.8761415045486138 -0.5771627027123002 -0.6577548532676777
1.8887330582704167 -0.5861109031680387 -0.6356136686889733
1.9013246119922194 -0.594059525920175 -0.6130344450874976
1.9139161657140222 -0.6038827620487861 -0.591278339794358
1.9265077194358249 -0.6155038124615723 -0.5705154443269144
1.9390992731576278 -0.6288318225652343 -0.5509080851837539
1.9516908268794304 -0.6437625925762361 -0.5326095547590548
1.9642823806012333 -0.6601793921656749 -0.5157629128865256
1.9768739343230362 -0.6779538730692333 -0.5004998683826216
1.9894654880448388 -0.6969375828670433 -0.48692425225715885
2.0020570417666415 -0.7155163469688708 -0.4727532083406955
2.0146485954884445 -0.731397268274347 -0.45546546731241266
2.027240149210247 -0.7292418924678683 -0.43434390517585536
2.03983170293205 -0.7075824806531725 -0.42686615271554107
2.0524232566538525 -0.6846964958234627 -0.42610162728273415
2.0650148103756556 -0.6622097288654337 -0.4310956009303398
2.0776063640974582 -0.6403791415872491 -0.43863176650048163
2.090197917819261 -0.6194662655653214 -0.44861984033580504
2.102789471541064 -0.5997216381472558 -0.46094016478980754
2.1153810252628666 -0.5813818010013305 -0.4754451417316981
2.1279725789846693 -0.564666466334959 -0.49196100077971017
2.140564132706472 -0.5497758847309498 -0.5102898810793668
2.153155686428275 -0.5368884461350677 -0.5302122016868526
2.1657472401500777 -0.5244279293678632 -0.5504314084450826
2.1783387938718803 -0.5099931403434856 -0.5691562057671323
2.1909303475936834 -0.49373451739984603 -0.586164986090941
2.203521901315486 -0.47583711153879926 -0.6012641603376446
2.2161134550372887 -0.4565046259212288 -0.6142818740192425
2.2287050087590914 -0.4359570973758588 -0.6250699632372896
2.2412965624808945 -0.4144283920029207 -0.633505641042066
2.253888116202697 -0.3921635433770139 -0.6394928949585592
2.2664796699245 -0.36941596364495216 -0.6429635797730295
2.279071223646303 -0.3464445592611006 -0.6438781931423649
2.2916627773681055 -0.3235107841880772 -0.6422263251984662
2.304254331089908 -0.3008756641024319 -0.638026777030394
2.316845884811711 -0.27879682547496026 -0.6313273466957413
2.329437438533514 -0.25752556333981025 -0.622204285196797
2.3420289922553166 -0.24430397753897506 -0.6059207959523902
2.3546205459771192 -0.23972244014222951 -0.5823444394359207
2.3672120996989223 -0.2327270235995973 -0.5594264641573842
2.379803653420725 -0.2234001022292858 -0.5374367400490098
2.3923952071425276 -0.21185150491484825 -0.5166342064491459
2.4049867608643303 -0.1982172218184417 -0.4972638229698125
2.4175783145861334 -0.18265780303275608 -0.47955368498214657
2.430169868307936 -0.20352323910309067 -0.4759998655750645
2.4427614220297387 -0.22630118344293404 -0.472674314489532
2.4553529757515418 -0.24900118031513474 -0.46880953313931206
2.4679445294733444 -0.2716000690711725 -0.46434336310829066
2.480536083195147 -0.29406931753016 -0.4592112501566592
2.4931276369169497 -0.3163740457931351 -0.45334627091447777
2.505719190638753 -0.3384719656614369 -0.44667951181783655
2.5183107443605555 -0.3603122937931605 -0.4391409051919099
2.530902298082358 -0.38183474416531604 -0.4306606436920073
2.543493851804161 -0.40296876790821334 -0.42117129067889164
2.556085405525964 -0.4236332800601483 -0.41061066383141454
2.5686769592477665 -0.44373717582541583 -0.39892547322612243
2.581268512969569 -0.4631809609308231 -0.38607553041998827
2.5938600666913723 -0.48185975675574727 -0.37203812119091106
2.606451620413175 -0.49966775043734696 -0.3568119013100395
2.6190431741349776 -0.516503839379661 -0.34041952739925985
2.6316347278567807 -0.5322778361820997 -0.322908286367978
2.6442262815785833 -0.5469162963179257 -0.30434830091761295
2.656817835300386 -0.5603669667779716 -0.28482841011766075
2.6694093890221886 -0.5726011060155015 -0.2644503713793199
2.6820009427439917 -0.583613417869448 -0.24332238293358965
2.6945924964657944 -0.5934198776312 -0.2215529560420479
2.707184050187597 -0.6020541062015304 -0.19924590702006625
2.7197756039094 -0.6095630722980634 -0.1764968426237566
2.7323671576312027 -0.6160028044652535 -0.15339114357603953
2.7449587113530054 -0.6214345779104556 -0.13000320799184742
2.757550265074808 -0.6259218098333286 -0.10639661499166075
2.770141818796611 -0.6295277143035617 -0.0826248730132467
2.782733372518414 -0.6323136534309357 -0.05873247783123815
2.7953249262402164 -0.6343380672957865 -0.034756082468721326
2.8079164799620195 -0.6356558521905492 -0.01072565195700945
2.820508033683822 -0.6363180670342207 0.013334469065427191
2.833099587405625 -0.6364935538124529 0.03740423017845664
2.8456911411274275 -0.6356825046746297 0.06145638744996485
2.8582826948492306 -0.6334730150738285 0.08541216559395354
2.8708742485710332 -0.6298732918887582 0.10918258380438632
2.883465802292836 -0.6248967058506278 0.13267934977202875
2.896057356014639 -0.6185617418792069 0.1558151876353922
2.9086489097364416 -0.610891930422845 0.17850416215627624
2.9212404634582443 -0.6019157600575099 0.200661997915663
2.933832017180047 -0.5916665716694559 0.2222063923444588
2.94642357090185 -0.5801824346145756 0.24305732142632747
2.9590151246236527 -0.5675060053144496 0.26313733693707847
2.9716066783454553 -0.5536843688142749 0.28237185411664273
2.9841982320672584 -0.5387688638912417 0.30068942870501303
2.996789785789061 -0.5412205603973902 0.3224597542795488
3.0093813395108637 -0.5471404117416735 0.3457149158422334
3.0219728932326664 -0.5515611519787874 0.3693323436668431
3.0345644469544695 -0.5544629901866037 0.3932063064391905
3.047156000676272 -0.555832935315904 0.41722992438060214
3.0597475543980748 -0.5556648543491569 0.4412956477309775
3.072339108119878 -0.5539594997570227 0.46529573823128567
3.0849306618416805 -0.5507245061296664 0.48912275144989226
3.097522215563483 -0.5459743559979605 0.5126700177935005
3.110113769285286 -0.5397303149975932 0.5358321200492582
3.122705323007089 -0.5320203366663396 0.5585053653201567
3.1352968767288916 -0.5193812992466472 0.5759394540462396
3.147888430450694 -0.49643234738133846 0.5769036854754357
3.1604799841724973 -0.47355751627032805 0.5745255933949011
3.1730715378943 -0.45099364379268125 0.569900419681521
3.1856630916161026 -0.4288088268101197 0.563568804304261
3.1982546453379053 -0.4070197641188946 0.5558735938295019
3.2108461990597084 -0.3856221781662733 0.5470546076202089
3.223437752781511 -0.3646026184274065 0.5372891443494228
3.2360293065033137 -0.3439437930057624 0.5267131972388623
3.2486208602251168 -0.32362715741165976 0.5154339287821931
3.2612124139469194 -0.30363420806688174 0.5035375759057212
3.273803967668722 -0.2839471229343277 0.4910947300537653
3.2863955213905247 -0.2645490598156633 0.47816400544110904
3.298987075112328 -0.2441911090027058 0.47232728679531844
3.3115786288341305 -0.2218490159945474 0.4780365497322831
3.324170182555933 -0.19938399569966875 0.4831904097007131
3.336761736277736 -0.17680865073477112 0.4877859754447421
3.349353289999539 -0.1541356456074199 0.49182066890511
3.3619448437213415 -0.13137769961140744 0.495292226665424
3.374536397443144 -0.10854757969135954 0.49819870122191123
3.3871279511649472 -0.08565809328064947 0.5005384620759422
3.39971950488675 -0.06272208111656558 0.5023101966487242
3.4123110586085525 -0.03975241003680193 0.5035129110176423
3.4249026123303556 -0.01676196576131647 0.5041459304738382
3.4374941660521583 0.0062363543364098 0.5042088999007143
3.450085719773961 0.02922964846465104 0.5037017839731501
3.4626772734957636 0.05220501765119179 0.5026248671773191
3.4752688272175667 0.07514957297950213 0.5009787536510951
3.4878603809393693 0.0980504428192711 0.49876436684513786
3.500451934661172 0.12089478004723876 0.4959829490048486
3.513043488382975 0.14366976925429029 0.49263606047348396
3.5256350421047777 0.1663626339347475 0.48872557881682144
3.5382265958265804 0.18896064365384277 0.4842536977698675
3.550818149548383 0.211451121189345 0.4792229260061968
3.563409703270186 0.23382144964333487 0.4736360857306157
3.576001256991989 0.25488817179642437 0.4751958055464264
3.5885928107137914 0.27429599875514254 0.48811059196512835
3.6011843644355945 0.2939743086647961 0.5005687838940331
3.613775918157397 0.3139397312753561 0.5125158596003081
3.6263674718792 0.33421015959485284 0.5238860771695979
3.6389590256010025 0.35480461186757645 0.534598997357935
3.6515505793228056 0.3757428401356302 0.5445544655872766
3.6641421330446082 0.39704443365074943 0.5536250889928314
3.676733686766411 0.418726885574243 0.5616443822343672
3.689325240488214 0.44080141045987625 0.5683867578378619
3.7019167942100166 0.46326339863096094 0.5735300915844801
3.7145083479318193 0.48606773475868387 0.5765724492226149
3.727099901653622 0.509042113209661 0.5765642754629487
3.739691455375425 0.5247333594675854 0.5632949938231885
3.7522830090972277 0.5327534871048015 0.5407399055655294
3.7648745628190303 0.5393145326649463 0.5176739889798078
3.7774661165408334 0.5443871234333165 0.4942005063557046
3.790057670262636 0.5479485502608765 0.4704245445885809
3.8026492239844387 0.5499828692293623 0.4464525447228333
3.8152407777062414 0.5504809730295597 0.4223918254329813
3.8278323314280445 0.5494406317332234 0.39835010257570963
3.840423885149847 0.5468665027760954 0.37443500696381926
3.8530154388716498 0.5427701101073336 0.3507536025208958
3.865606992593453 0.5371697925987045 0.3274119069738628
3.8781985463152555 0.5300906219444866 0.30451441722915235
3.890790100037058 0.5454834140357928 0.28671078514816956
3.903381653758861 0.5599177799586436 0.2679757403699993
3.915973207480664 0.5732348723297956 0.2483552041053
3.9285647612024666 0.5853852264394801 0.2279220544347211
3.941156314924269 0.596323711284407 0.2067521877919547
3.9537478686460723 0.6060096972013516 0.18492423705572097
3.966339422367875 0.6144072067810684 0.16251927947756306
3.9789309760896776 0.6214850485019718 0.13962053553032364
3.9915225298114803 0.6272169325872284 0.11631305979587656
4.004114083533283 0.631581568654913 0.09268342504030097
4.016705637255086 0.6345627447985305 0.06881940064991562
4.029297190976889 0.6361493878041514 0.044809626622679344
4.041888744698691 0.6363918180586603 0.020742670020968367
4.054480298420494 0.6358712822309839 -0.00332128668061424
4.0670718521422975 0.6347045291209586 -0.02736029390943654
4.0796634058641 0.6328413707733201 -0.05135103608938653
4.092254959585903 0.6302277767678263 -0.07526479091392786
4.104846513307705 0.6268061171933774 -0.09906639001578188
4.117438067029508 0.6225157106113269 -0.12271308458230257
4.130029620751311 0.6172937923950552 -0.1461533787575532
4.142621174473113 0.611077031663302 -0.16932594473351187
4.1552127281949165 0.6038037178803858 -0.1921588006354337
4.16780428191672 0.5954166940280217 -0.21456900845755253
4.180395835638522 0.5858670132305437 -0.23646321472296414
4.192987389360325 0.5751181285566224 -0.25773937540608216
4.205578943082128 0.5631502037808374 -0.27828993113541695
4.21817049680393 0.5499639091661298 -0.2980064882649431
4.230762050525733 0.5355829366721975 -0.3167857181982184
4.243353604247536 0.5200545403500598 -0.3345357903307276
4.255945157969339 0.5034477314727209 -0.3511823561102342
4.268536711691142 0.4858492672172665 -0.3666730635831619
4.281128265412944 0.46735808421547553 -0.3809798673729625
4.293719819134747 0.4480791389235569 -0.39409891417971177
4.30631137285655 0.4281176191596801 -0.4060483215199522
4.318902926578352 0.40757423126945586 -0.4168645309353722
4.331494480300155 0.38654189299691494 -0.42659802260858365
4.3440860340219585 0.36510382371691597 -0.43530906790375845
4.356677587743761 0.34333280542516853 -0.4430639763222212
4.369269141465564 0.3212912993672853 -0.44993206495404403
4.381860695187367 0.29903210954816895 -0.45598340110907937
4.394452248909169 0.27659934047752005 -0.46128725934925086
4.407043802630972 0.254029467011638 -0.46591118353619004
4.419635356352775 0.2313523986951958 -0.46992053444723686
4.4322269100745775 0.20859247146284704 -0.47337841671566705
4.444818463796381 0.18576933515271007 -0.47634590303051455
4.457410017518183 0.1949333957882504 -0.4912784947686518
4.470001571239986 0.20913317915437504 -0.5102005688822167
4.482593124961789 0.22143407504573248 -0.5305270724875321
4.495184678683591 0.231710248052196 -0.5520500700049289
4.507776232405394 0.23985657522529816 -0.5745493859899644
4.520367786127197 0.24578972146246103 -0.5977948574789237
4.532959339849 0.24944899200643225 -0.6215486885043975
4.545550893570803 0.25079695333905555 -0.6455678826947647
4.558142447292606 0.25002898105960747 -0.6696163642878972
4.570734001014408 0.25002898105960747 -0.6936872220541231
4.583325554736211 0.25002898105960747 -0.717758079820349
4.595917108458014 0.25002898105960747 -0.741828937586575
4.608508662179816 0.25002898105960747 -0.7658997953528011
4.6211002159016195 0.25002898105960747 -0.789970653119027
4.633691769623422 0.25002898105960747 -0.8140415108852531
4.646283323345225 0.25002898105960747 -0.8381123686514792
4.658874877067028 0.25002898105960747 -0.862183226417705
4.67146643078883 0.25002898105960747 -0.8862540841839309
4.684057984510633 0.25002898105960747 -0.9103249419501582
4.696649538232436 0.25002898105960747 -0.9343957997163831
4.7092410919542385 0.2506937108432224 -0.9584356647702906
4.7218326456760416 0.2584201401761286 -0.9808828201748052
4.734424199397845 0.2761203741631637 -0.9956803458616978
4.747015753119647 0.2986604156544157 -0.9996137670774851
4.75960730684145 0.32134856744495793 -0.9962531480161125
4.772198860563253 0.3431388699872507 -0.9885543839400707
4.784790414285055 0.3647509166378218 -0.9803236077560121
4.797381968006858 0.3861728512039042 -0.9715653348007137
4.8099735217286606 0.40739292178667663 -0.9622843697913828
4.822565075450464 0.4283994872282374 -0.9524858041898372
4.835156629172267 0.4491810234978799 -0.9421750134093587
4.847748182894069 0.4697261300140722 -0.9313576538657883
4.860339736615872 0.4900235358987013 -0.9200396598744733
4.872931290337675 0.5100621061602214 -0.9082272403947326
4.885522844059477 0.5298308478021975 -0.8959268756236826
4.89811439778128 0.5493189158539648 -0.88314531344126
4.9107059515030835 0.5685156193201204 -0.8698895657083733
4.923297505224886 0.5874104270454952 -0.856166904420263
4.935889058946689 0.6059929734924578 -0.8419848577171495
4.948480612668492 0.6242530644273824 -0.8273512057543411
4.961072166390294 0.6421806825130947 -0.8122739764341254
4.973663720112097 0.6597659928043347 -0.796761441001704
4.986255273833899 0.6769993481431013 -0.7808221095076713
4.9988468275557025 0.6938712944510175 -0.7644647261394625
5.011438381277506 0.7103725759157525 -0.7476982644243709
5.024029934999308 0.7264941400686923 -0.7305319223067358
5.036621488721111 0.7422271427510507 -0.7129751171020253
5.049213042442914 0.7575629529656907 -0.6950374803305863
5.061804596164716 0.7724931576120366 -0.6767288524338523
5.074396149886519 0.7870095661014236 -0.658059277375967
5.086987703608322 0.8011042148503802 -0.639038997133756
5.099579257330125 0.8147693716494016 -0.619678446078043
5.112170811051928 0.8279975399047683 -0.5999882452494492
5.124762364773731 0.84078146275111 -0.5799791965317846
5.137353918495533 0.8531141270324759 -0.5596622767262062
5.149945472217336 0.8649887671496893 -0.5390486315294412
5.162537025939138 0.8763988687718923 -0.5181495694193602
5.175128579660941 0.8873381724102705 -0.496976555451214
5.1877201333827445 0.8978006768519408 -0.4755412049680251
5.200311687104547 0.9077806424521826 -0.4538552772284821
5.21290324082635 0.9172725942831498 -0.4319306689559187
5.225494794548153 0.9262713251373805 -0.40977940781185757
5.238086348269955 0.9347718983844148 -0.3874136457977591
5.250677901991758 0.9427696506790052 -0.3648456525884981
5.263269455713561 0.9502601945193845 -0.3420878088013336
5.2758610094353635 0.957239420654206 -0.31915259920402456
5.288452563157167 0.9637035003368577 -0.29605260586574894
5.30104411687897 0.9696488874258745 -0.2728005012547064
5.313635670600772 0.9750723203303194 -0.24940904128611785
5.326227224322575 0.9799708237990753 -0.2258910583243981
5.338818778044377 0.9843417105530363 -0.202259454143452
5.35141033176618 0.9881825827593271 -0.17852719284886875
5.364001885487983 0.9914913333467394 -0.15470729376589448
5.376593439209786 0.9942661471616477 -0.13081282429717303
5.389184992931589 0.9965055019637944 -0.10685689275403432
5.401776546653392 0.9982081692613742 -0.08285264116540696
5.414368100375194 0.9993732149849743 -0.05881323806821438
5.426959654096997 1.0 -0.03475187128319841
5.4395512078188 0.9998612712319147 -0.010683969853532217
5.452142761540602 0.9990282374468815 0.013370551593321336
5.4647343152624055 0.9976615967338223 0.03739833298811272
5.477325868984209 0.9957620864802657 0.061386409850728234
5.489917422706011 0.993330731589947 0.08532183912411746
5.502508976427814 0.9903688439298103 0.1091917061578658
5.515100530149616 0.9868780216221721 0.13298313167645784
5.527692083871419 0.9828601481824372 0.15668327872845503
5.540283637593222 0.9783173915028233 0.18027935961281652
5.5528751913150245 0.9732522026826511 0.2037586427786574
5.565466745036828 0.9676673147058218 0.22710845969472
5.578058298758631 0.9615657409662033 0.25031621168482504
5.590649852480433 0.954950773641717 0.2733693767256424
5.603241406202236 0.9478259819180066 0.2962555162030934
5.615832959924039 0.940195210062631 0.31896228162378276
5.628424513645841 0.9320625753508573 0.3414774212777343
5.641016067367644 0.9234324658441234 0.3637887868489866
5.6536076210894475 0.9143095380224112 0.38588433997034677
5.66619917481125 0.9046987142717878 0.4077521587188364
5.678790728533053 0.8946051802284676 0.42938044404832015
5.691382282254855 0.884034381980848 0.4507575261558045
5.703973835976658 0.8729920231309948 0.47187187077804765
5.716565389698461 0.8614840617172084 0.4927120854149818
5.729156943420263 0.8495167069992792 0.5132669254766993
5.7417484971420665 0.837096416108213 0.5335253003505952
5.75434005086387 0.82422989056221 0.5534762793854386
5.766931604585672 0.8109240726507713 0.5731090977891493
5.779523158307475 0.7971861416889168 0.5924131624370512
5.792114712029278 0.7830235101434759 0.6113780575875555
5.80470626575108 0.7684438196336327 0.6299935505020533
5.817297819472883 0.7534549368077675 0.6482495969661576
5.829889373194686 0.738064949098931 0.666136346709154
5.842480926916489 0.7222821603611619 0.6836441487188439
5.855072480638292 0.7061150863890462 0.7007635564488647
5.867664034360094 0.689572450322921 0.7174853329156785
5.880255588081897 0.6726631779421938 0.733800455682508
5.8928471418037 0.6553963928493232 0.7497001217275061
5.905438695525502 0.6377814115470852 0.7651757521935172
5.918030249247305 0.6198277384117301 0.7802189970169147
5.9306218029691085 0.6015450605647816 0.7948217394329775
5.943213356690911 0.5829432426462361 0.8089761003553868
5.955804910412714 0.564032321491977 0.8226744426274823
5.968396464134517 0.5448225007182822 0.8359093751429795
5.980988017856319 0.5253241452163261 0.84867375683394
5.993579571578122 0.5055477755596939 0.8609607005238105
6.006171125299925 0.48550406232786825 0.8727635766434879
6.0187626790217275 0.46520382034878943 0.8840760168083844
6.0313542327435306 0.44465800286359103 0.8948919172545614
6.043945786465333 0.4238776956166347 0.9052054421320956
6.056537340187136 0.402874110874081 0.9150110266538737
6.069128893908939 0.381658581374155 0.9243033800981507
6.081720447630741 0.3602425542124375 0.9330774886632179
6.094312001352544 0.3386375846654606 0.9413286181726559
6.106903555074347 0.3168553299558929 0.9490523166297262
6.1194951087961496 0.29490754296276506 0.9562444166194918
6.132086662517953 0.2728060658800462 0.9629010375574022
6.144678216239756 0.2505628238270616 0.9690185877831039
6.157269769961558 0.22818981841414113 0.9745937664983678
6.169861323683361 0.2056991212669898 0.9796235655480783
6.182452877405164 0.18310286751333132 0.9841052710433105
6.195044431126966 0.16041324923522332 0.9880364648256498
6.207635984848769 0.13764250889068252 0.9914150257719356
6.220227538570572 0.11480293270811785 0.9942391309387392
6.232819092292375 0.09190684405714757 0.9965072565459545
6.245410646014178 0.06896659679937972 0.9982181787989727
6.25800219973598 0.04599456862272996 0.999370974548995
6.270593753457783 0.023003154362888835 0.9999650217911293
6.283185307179586 4.759315551031666e-06 1.0
