0.0 -0.9158937690528667 -0.9971365981481574
0.02101399768287487 -0.8720595049351868 -1.0000000000000002
0.04202799536574974 -0.830410808895121 -0.988300663042163
0.06304199304862461 -0.7984475044984295 -0.9628462347860042
0.08405599073149948 -0.765366760241715 -0.9381323917847455
0.10506998841437436 -0.7299973642149709 -0.9157416313798955
0.12608398609724922 -0.6937623185750429 -0.8943561051113775
0.1470979837801241 -0.6570182374917897 -0.8735978433670756
0.16811198146299897 -0.6199056078623281 -0.8533118955231828
0.18912597914587384 -0.5824639379381226 -0.8334615683997748
0.21013997682874871 -0.5441441732982397 -0.8148733242864642
0.2311539745116236 -0.5037142340845612 -0.7997970192331353
0.25216797219449844 -0.46213612083878636 -0.7871151729870365
0.2731819698773733 -0.41999456856847067 -0.7758270271467758
0.2941959675602482 -0.37756050192674134 -0.76534563797132
0.31520996524312306 -0.33496832001308374 -0.7553305726600049
0.33622396292599793 -0.2922901686232703 -0.7455794080060058
0.3572379606088728 -0.2495675044108477 -0.7359680205576917
0.3782519582917477 -0.20682546847649985 -0.7264181681987408
0.39926595597462256 -0.1640835520317454 -0.7168679866591218
0.42027995365749743 -0.12128419586285348 -0.7075031440927317
0.4412939513403723 -0.07842777648444227 -0.6983259186367199
0.4623079490232472 -0.035584742714375596 -0.6891044765911631
0.48332194670612205 0.007100939203992473 -0.6793795999167497
0.5043359443889969 0.049425718338721905 -0.6685933326315716
0.5253499420718718 0.09123980971939723 -0.6564710367606916
0.5463639397547466 0.13253461877361894 -0.6431388596093959
0.5673779374376215 0.17306529950046035 -0.6282438016475622
0.5883919351204964 0.2127682478408513 -0.611821290193628
0.6094059328033713 0.2530072578092292 -0.5963575323517977
0.6304199304862461 0.293590879357089 -0.5815473078383088
0.651433928169121 0.33422150043163074 -0.5668286248969381
0.6724479258519959 0.3744057070469193 -0.551272840070932
0.6934619235348707 0.4124871694007992 -0.5323771096549486
0.7144759212177456 0.4460814728760154 -0.5081938035462359
0.7354899189006204 0.4743945288192779 -0.4795776106166021
0.7565039165834954 0.49731579175638946 -0.4476969260837399
0.7775179142663702 0.5201023039634497 -0.41571783955725833
0.7985319119492451 0.5406305981885007 -0.38266721297268685
0.8195459096321199 0.5588594687592546 -0.34866873096668327
0.8405599073149949 0.5750445329081242 -0.31393888601088016
0.8615739049978697 0.5899691072002538 -0.2788063828859839
0.8825879026807446 0.6053195887742229 -0.24380648212827385
0.9036019003636194 0.6222159516142036 -0.20931904047927793
0.9246158980464944 0.6413312154506086 -0.17567149995612225
0.9456298957293692 0.6630447923036419 -0.14316405891496725
0.9666438934122441 0.6841798059164154 -0.11039565958981962
0.9876578910951189 0.7009450679650064 -0.07587786222810688
1.0086718887779937 0.7144078871603506 -0.040332281357648776
1.0296858864608687 0.7249865690939048 -0.004102808695723159
1.0506998841437436 0.7316537112505441 0.032778434390171744
1.0717138818266183 0.7341128627159058 0.07003316814226347
1.0927278795094932 0.7343495208004436 0.10735584863526507
1.1137418771923682 0.7356868030232716 0.1446576478938608
1.134755874875243 0.739929528887696 0.18180107933510328
1.1557698725581178 0.747123983083976 0.21862118932455535
1.1767838702409927 0.7567160630349513 0.25505209069000423
1.1977978679238677 0.7681024260267885 0.2911140079423742
1.2188118656067426 0.7811936835844376 0.32676157660718064
1.2398258632896173 0.795859273435532 0.3619699685476076
1.2608398609724922 0.8119809171329534 0.396722015984105
1.2818538586553672 0.8294437888597826 0.4310093986389706
1.302867856338242 0.8480946546621929 0.46484849272532325
1.3238818540211168 0.8677203090800271 0.49829211574419546
1.3448958517039917 0.8885097573373952 0.5312310173574849
1.3659098493868667 0.9102174558270795 0.5637458349488187
1.3869238470697414 0.9322563283161092 0.5961020702453592
1.4079378447526163 0.9534877102850388 0.6288378196991538
1.4289518424354912 0.9721592586931894 0.6626564417176345
1.4499658401183662 0.9864385227908667 0.6979557673058756
1.4709798378012409 0.9954984997454428 0.7344647543675147
1.4919938354841158 0.9997668630735171 0.7715985810625297
1.5130078331669907 1.0 0.8089092027803222
1.5340218308498657 0.9957221409248633 0.8460338649042942
1.5550358285327404 0.9815251751473724 0.8810029850613578
1.5760498262156153 0.9511051333271464 0.8640850690024792
1.5970638238984902 0.9323691163912714 0.8302869677519015
1.6180778215813651 0.9149535911105785 0.7959809469657334
1.6390918192642399 0.8976734930557196 0.7616259684045786
1.6601058169471148 0.8802299755451084 0.7273299406524413
1.6811198146299897 0.862523506754006 0.6931301009016994
1.7021338123128644 0.8452770990735163 0.6587663435137573
1.7231478099957394 0.8297650860706712 0.6238172993930128
1.7441618076786143 0.8148439633480193 0.5886841476334261
1.7651758053614892 0.7907150970388774 0.5592373578049111
1.786189803044364 0.7667529434817528 0.5882571281703705
1.8072038007272389 0.7516336733658784 0.6233301240838808
1.8282177984101138 0.7365544595204023 0.6584158970079187
1.8492317960929887 0.7210925343781756 0.6933825717613114
1.8702457937758634 0.7048369807750928 0.7280907672891901
1.8912597914587383 0.6867024166280967 0.7621217919317074
1.9122737891416133 0.6641386896052758 0.7941754149892544
1.9332877868244882 0.6338011693816902 0.8212644554415937
1.954301784507363 0.6027830862323809 0.8478621019378351
1.9753157821902378 0.5717070730111512 0.874411505015124
1.9963297798731128 0.54043353365834 0.9007949015168953
2.0173437775559875 0.5086323531778817 0.9267236765297885
2.0383577752388624 0.47562699504249956 0.9515510770594657
2.0593717729217373 0.440751070282563 0.9744798857024718
2.0803857706046123 0.4075714208002994 0.9989036088833837
2.101399768287487 0.3648639371763057 1.0
2.122413765970362 0.3603429240920814 0.9671052332400563
2.1434277636532366 0.3838783630459013 0.9355759394144886
2.1644417613361115 0.41123857987726936 0.9062665756174382
2.1854557590189865 0.4412084674079842 0.8788406519966476
2.2064697567018614 0.4736061274627066 0.8534513098897207
2.2274837543847363 0.5065240890822617 0.8285387216771241
2.2484977520676113 0.5360802140310552 0.8008342533222405
2.269511749750486 0.5597863222576145 0.7693774500868709
2.290525747433361 0.5747611343438747 0.7343677532675931
2.3115397451162356 0.5918368806913842 0.7000536948387155
2.3325537427991105 0.6160076723135998 0.6688292827673061
2.3535677404819855 0.6436683868714669 0.6397203582793741
2.3745817381648604 0.6690981506709744 0.6093370804131399
2.3955957358477353 0.6652527040152806 0.5737021782674426
2.4166097335306103 0.6331423280230053 0.5486182084460594
2.437623731213485 0.591157516550892 0.538106976236171
2.4586377288963597 0.5476264087597201 0.5434868499368307
2.4796517265792346 0.5090008235726515 0.5613233733337404
2.5006657242621095 0.4731822063629742 0.5831899752734664
2.5216797219449845 0.4340109172973189 0.6003722058495489
2.5426937196278594 0.3942713125332019 0.6166502299573099
2.5637077173107343 0.3575904377957858 0.637455139711919
2.5847217149936093 0.32344215924424446 0.6611444411100581
2.605735712676484 0.2919418576071698 0.6873158240645265
2.6267497103593587 0.26362358714345063 0.7159586425025705
2.6477637080422336 0.2388146879949993 0.7468358954547785
2.6687777057251085 0.21679059146895507 0.77919567010679
2.6897917034079835 0.19230808275688047 0.8101493144989353
2.7108057010908584 0.15180886891689618 0.8197844959398225
2.7318196987737333 0.11544283278675231 0.7999150562521645
2.7528336964566082 0.10757459880593989 0.7642249476535456
2.7738476941394827 0.12256437178253084 0.7292692395819548
2.7948616918223577 0.14601911182791125 0.6976685342689359
2.8158756895052326 0.1735859597392999 0.6685039989804763
2.8368896871881075 0.20378846053279165 0.6412561171665008
2.8579036848709825 0.23611493955448062 0.6158036424326551
2.8789176825538574 0.2715499364943917 0.5935546055549903
2.8999316802367323 0.30960275485701855 0.5745541756144288
2.9209456779196072 0.3480026644846694 0.5560536241676123
2.9419596756024817 0.38642433355305933 0.537585249471987
2.9629736732853567 0.4248197703587236 0.5190780446333992
2.9839876709682316 0.46316543043382696 0.5004974696856276
3.0050016686511065 0.5013937670416396 0.4817455849370001
3.0260156663339814 0.5393120636263712 0.4625515004454623
3.0470296640168564 0.5763690858448464 0.44220236441513777
3.0680436616997313 0.610486840834829 0.4185487368839463
3.089057659382606 0.6346469044625342 0.38756628238736845
3.1100716570654807 0.6448242748823471 0.3514168358669327
3.1310856547483557 0.6449943773921115 0.31412095802782647
3.1520996524312306 0.6419114406475765 0.27688975290312834
3.1731136501141055 0.6377555755705436 0.239734130950004
3.1941276477969804 0.6312741213838184 0.20281881128001744
3.2151416454798554 0.6223466290335883 0.1662688312079101
3.2361556431627303 0.6111065270976735 0.13017579808376878
3.257169640845605 0.5977541018296296 0.0945985455858907
3.2781836385284797 0.5828716661325947 0.05945333415849655
3.2991976362113546 0.5676341639743453 0.024416473165649124
3.3202116338942296 0.5516079809346687 -0.01036761628666898
3.3412256315771045 0.5338171867888432 -0.04452973265657035
3.3622396292599794 0.5119998511989603 -0.0769468777095662
3.3832536269428544 0.4788099075822084 -0.10042553559950225
3.404267624625729 0.44108295384032753 -0.08533532429067063
3.425281622308604 0.4188437793454156 -0.05318583014747489
3.4462956199914787 0.4025798627629083 -0.01849275528633947
3.4673096176743536 0.38900936136531955 0.017025933462960927
3.4883236153572286 0.3769125365825918 0.052924315253371504
3.5093376130401035 0.36568602488307544 0.08902431257668181
3.5303516107229784 0.35497527959103004 0.1252360699994879
3.5513656084058534 0.34454556132637265 0.1615063345878736
3.572379606088728 0.3342344373888556 0.1978007693261293
3.5933936037716028 0.3253616871550443 0.2343603947493579
3.6144076014544777 0.31858462615312133 0.2712401753695607
3.6354215991373526 0.3133648105307807 0.30830141485071555
3.6564355968202276 0.30915625348916126 0.3454551023053408
3.6774495945031025 0.30541534753938737 0.3826448328773363
3.6984635921859774 0.30157323240083306 0.41982707489545107
3.719477589868852 0.296509705976589 0.4568943617348423
3.740491587551727 0.27274993847651874 0.46558714036180665
3.7615055852346018 0.25507995857473176 0.43144267854460183
3.7825195829174767 0.24237651315811878 0.39570300984656825
3.8035335806003516 0.23289401846875699 0.35925742063564314
3.8245475782832266 0.22703371146294057 0.3222750490677442
3.8455615759661015 0.22501177600931177 0.28500207563003516
3.8665755736489764 0.22661910790661682 0.24771232578145547
3.887589571331851 0.23122853973309448 0.21059742574977736
3.908603569014726 0.23783959214417702 0.17369507043204052
3.9296175666976008 0.24545257995626008 0.13692933807087845
3.9506315643804757 0.25384269176166013 0.1002845412809106
3.9716455620633506 0.2631552461789519 0.06379896839996493
3.9926595597462256 0.27322307977908816 0.027456095002951923
4.0136735574291 0.28338967044437197 -0.00886732278923856
4.034687555111975 0.29303857657968413 -0.04529091105856763
4.05570155279485 0.30199984475969216 -0.08183948146536316
4.076715550477725 0.31032935406954315 -0.11849442039683228
4.0977295481606 0.3179205088537254 -0.1552631964066391
4.118743545843475 0.3245166853395804 -0.19216798164442628
4.13975754352635 0.3296899560983736 -0.2292327931314683
4.1607715412092245 0.33264269970405363 -0.26646664478515086
4.1817855388920995 0.33164701969255544 -0.3037575095664133
4.202799536574974 0.32249408478567526 -0.3401586979452264
4.223813534257849 0.3015865924147999 -0.3729560490089034
4.244827531940724 0.27402119018467747 -0.40208766386951694
4.265841529623599 0.24171938266416784 -0.4275320483655058
4.286855527306473 0.20585248642864226 -0.4493171251993036
4.307869524989348 0.16718125789895555 -0.4673786242883317
4.328883522672223 0.12632684218672235 -0.4815638530860096
4.349897520355098 0.08424078936209024 -0.49300168163256064
4.370911518037973 0.04253087491475243 -0.505378205408964
4.391925515720848 0.001173125341019684 -0.5185747278192979
4.412939513403723 -0.04042051202923193 -0.5312288402766555
4.433953511086598 -0.0825265053915611 -0.5426062006980583
4.454967508769473 -0.12516643642204414 -0.5524667912391596
4.475981506452348 -0.16816756531908622 -0.5611438296273001
4.4969955041352225 -0.21155384543302735 -0.5682679276668547
4.5180095018180975 -0.25521251238596665 -0.5668681082600338
4.539023499500972 -0.2699933389927771 -0.5344446524864174
4.560037497183847 -0.259781283179955 -0.4981668558417483
4.581051494866722 -0.24767162175380472 -0.46227117968683995
4.602065492549596 -0.23730229353127208 -0.42599357971322016
4.623079490232471 -0.2289555636333416 -0.38934251311503065
4.644093487915346 -0.22189202013301504 -0.3524995728819901
4.665107485598221 -0.21603528749208623 -0.3155060042831581
4.686121483281096 -0.21134699621299657 -0.2783939358657497
4.707135480963971 -0.2078811555523906 -0.2411865505348063
4.728149478646846 -0.206128106183355 -0.20389774570353142
4.749163476329721 -0.20573237586848134 -0.16658829944425588
4.770177474012596 -0.20132358139459888 -0.1294630337345995
4.791191471695471 -0.19312669888484954 -0.09279787834288483
4.812205469378346 -0.18181213275198335 -0.056720472443797985
4.8332194670612205 -0.17613666622831384 -0.019892429530055995
4.8542334647440954 -0.20661042475945296 -0.001264458235630555
4.87524746242697 -0.24383357949026166 -0.020251759675632017
4.896261460109845 -0.26761848254188797 -0.05137207906739766
4.917275457792719 -0.28101351005106673 -0.08693289136890345
4.938289455475594 -0.2909702168172848 -0.1232681519216337
4.959303453158469 -0.29811110298383714 -0.16009534889586002
4.980317450841344 -0.30792061093471124 -0.1964849965111248
5.001331448524219 -0.31863421058851404 -0.2326962521348646
5.022345446207094 -0.3289229077641471 -0.2689949095418399
5.043359443889969 -0.33860750413719815 -0.3054118627821714
5.064373441572844 -0.3477808119692271 -0.34192312957202553
5.085387439255719 -0.3563674042366378 -0.3785351411742461
5.106401436938594 -0.36324742719159087 -0.4153995458131165
5.127415434621469 -0.3672122890580033 -0.452566175391211
5.148429432304344 -0.38023717505817717 -0.4879549005622769
5.1694434299872185 -0.40254371869088007 -0.5201378406072952
5.190457427670093 -0.4302834121720883 -0.5491598269133847
5.211471425352968 -0.4624950678866162 -0.5746875623896353
5.232485423035842 -0.4981889998689137 -0.596678241481616
5.253499420718717 -0.5365011692080892 -0.6152759386049738
5.274513418401592 -0.5766572106849782 -0.6308745743053588
5.295527416084467 -0.6179199688412926 -0.644244663482867
5.316541413767342 -0.6612683719318724 -0.6502826551900025
5.337555411450217 -0.6837901854412869 -0.6238389983176542
5.358569409133092 -0.6708537489439986 -0.5883005796866868
5.379583406815967 -0.651008696201627 -0.554958322422835
5.400597404498842 -0.6271785692767864 -0.5235621239307736
5.421611402181717 -0.5978861155834603 -0.49563937497706323
5.442625399864592 -0.568218971784398 -0.4679880330714041
5.463639397547467 -0.5430961253086717 -0.43730840329786347
5.484653395230342 -0.522509028970403 -0.4043009625755297
5.5056673929132165 -0.5065602654259481 -0.3695127098651703
5.526681390596091 -0.49570527712567775 -0.3333582180243087
5.5476953882789655 -0.4915100622864809 -0.29626052966931926
5.56870938596184 -0.4961237957726684 -0.25915444283312317
5.589723383644715 -0.497893984371476 -0.22187191667200373
5.61073738132759 -0.49701595409601257 -0.18455853832704625
5.631751379010465 -0.4947892026727056 -0.1472826346976305
5.65276537669334 -0.4944151151598044 -0.10998790349452962
5.673779374376215 -0.5143197045547572 -0.07869850964651721
5.69479337205909 -0.5553316332527584 -0.08336404458184475
5.715807369741965 -0.5747808758287988 -0.11645344884645151
5.73682136742484 -0.5840311388766524 -0.15293323318850538
5.757835365107715 -0.5907108902720138 -0.1898263991292593
5.77884936279059 -0.5953008659044211 -0.2269431376736563
5.799863360473465 -0.5979050351084761 -0.26420113638878334
5.8208773581563396 -0.6040007577923826 -0.3011327238585049
5.8418913558392145 -0.616552096271588 -0.3368853913836045
5.8629053535220885 -0.6350149365406484 -0.3707690271619172
5.8839193512049635 -0.6577448370902991 -0.40277034217974217
5.904933348887838 -0.682509345968203 -0.43368846315719894
5.925947346570713 -0.7088394870747011 -0.4636597392006186
5.946961344253588 -0.7384852986695603 -0.4913240690655965
5.967975341936463 -0.770668036553158 -0.5169141844760419
5.988989339619338 -0.7999208784097176 -0.5448405138549883
6.010003337302213 -0.8237421871712524 -0.576254969209644
6.031017334985088 -0.8420888383671759 -0.6101571540488286
6.052031332667963 -0.8528199145840913 -0.6463366883307087
6.073045330350838 -0.8647711167707577 -0.682237194673917
6.094059328033713 -0.8824457548415324 -0.7164264662160615
6.115073325716588 -0.9039422374496925 -0.7490277321587151
6.136087323399463 -0.9288854547595217 -0.7798286578771465
6.1571013210823375 -0.9566479396364068 -0.8088702990398697
6.178115318765212 -0.9839252836999364 -0.838216267623037
6.1991293164480865 -1.0 -0.8726292382790578
6.220143314130961 -0.9954952557307707 -0.9094477588110522
6.241157311813836 -0.9761547337242813 -0.942875324979102
6.262171309496711 -0.9483838645673747 -0.9718543014081816
6.283185307179586 -0.915893769052868 -0.9971365981481553
